120
7
200
49
502

  25    7   13    6   14    5   11   19    5   15   15   17   13   12   18   13   18   12   17    4    7   12   13    8   16   15    6    5    9   11   10    3    7    2    4    4   18   14   12   17   20   14   16   10    9   11    7   13    5    4   21   13   11   12   14   10    8   16   19    5   17    7   16   14   17   13   17   13   14   16    7   13    9   11   35    5   28    7    3   10    7   12   11   10    8   11   21    4   15   16    4   16    7   10    9   11   17   12   11    7    9   11   12    7    8    6    5   12   13    7    7    8   11   13   11   10    7    4   20   13 

  11   79   57   68   40   14   26   28   15   61   34    6   65   40   47   19   13    1   26   44   67   73    5   43   10   77   65   10   31   50   68   76   79   68   57   43   54   60   23   34   41   16   23   28   49   31   80   77   57   29   69   32   74   12    2   16   69   60   51   10   65   52   70   51   53   65    1    6   72   46   55   65   23   53   71   65   40   37    5   26   60   53   13   59   73    7   70    2   41   65   20   76   61    8   32   48   71   13   27   61    6   45   64   32    3   52   26   59   76   17   71    2   46   80   27   23   40    4    7   41 

   0   47   45   46   46   44   43   44   51   46   46   48   54   50   52   50   75   74   17   77   75   74   80   77   81   80   77   84   82   86   86   85   83   87   87   84   86   77   77   77   76   80   80   80   83   83   85   85   85   87   90   90   81   83   84   85   87   85   88   87   91   91   92   94   94   92  100   47   54   48   49   54   57   53   56   57   54   57   59   61   63   10    5   17   13   10    7    6    4   10   13   12    9   11   13    6   10   15   23   12   14    9    7   15   12    7    8   11   22   25   21    6   11   17   17   21   17   14   19    8    8 
  47    0    2    8    9    9   11   13   23   12   11   11   23   16   15   12   49   49   36   52   52   53   54   54   55   55   55   58   58   67   60   60   60   60   63   61   63   73   75   76   81   77   79   82   79   85   81   82   84   82   87   89   99  101  100  104  107  101  106  101  109  106  108  112  110  106  115   83   83   85   87   88   91   85   89   91   86   88   91   90   94   38   42   30   35   39   41   43   44   40   39   40   41   44   44   45   45   44   55   50   51   49   48   55   53   51   51   54   33   38   50   41   37   31   36   46   51   34   34   44   53 
  45    2    0    7    8    8   10   11   22   11   10   11   23   16   14   11   49   49   34   52   52   52   53   54   54   55   55   57   58   67   59   60   60   61   63   61   63   72   74   75   80   76   78   81   78   84   80   81   83   82   86   88   97   99   99  102  105   99  104   99  108  105  106  110  108  105  114   81   81   83   85   86   89   83   87   89   84   86   89   88   92   36   40   28   33   37   39   41   42   38   37   38   39   42   42   43   43   42   53   48   49   47   46   53   51   49   50   52   31   36   48   39   35   29   34   44   49   32   32   43   52 
  46    8    7    0    1    2    5    5   16    5    4    4   17    9    9    6   43   43   32   46   46   46   48   48   49   48   49   52   52   60   54   53   54   55   56   55   57   66   68   69   74   70   72   75   72   78   74   75   77   75   80   82   92   94   94   97  100   94   99   94  102   99  101  105  103   99  109   79   78   81   83   83   86   80   84   86   80   83   86   85   89   37   41   29   34   37   39   41   43   38   36   37   39   41   41   43   42   41   51   47   47   46   46   52   50   49   49   52   29   34   46   40   35   30   33   42   48   32   31   44   52 
  46    9    8    1    0    3    4    5   15    4    3    3   16    8    8    5   42   42   33   45   45   45   47   47   48   47   48   51   51   59   53   52   53   54   55   54   56   65   67   68   73   69   71   74   71   77   73   74   76   74   79   81   91   94   93   96  100   94   98   93  102   99  100  104  103   98  108   79   78   81   83   82   86   80   84   86   80   82   85   84   88   38   42   29   34   37   40   41   43   38   36   37   39   41   41   44   42   41   51   47   48   47   46   52   50   49   50   52   29   34   46   40   36   30   33   42   48   33   31   45   53 
  44    9    8    2    3    0    3    4   16    4    4    5   17   10    9    7   43   43   30   46   46   46   48   48   49   49   49   52   51   60   54   54   54   55   57   55   56   65   67   68   73   69   70   74   71   76   73   74   76   74   79   81   90   93   92   95   99   93   97   92  101   98   99  103  102   98  107   77   76   79   81   81   84   78   82   84   78   81   84   83   87   35   40   27   32   35   38   39   41   36   34   35   37   39   39   41   40   39   49   45   45   44   44   50   48   47   47   50   27   32   44   38   34   28   31   40   46   31   29   43   51 
  43   11   10    5    4    3    0    2   14    4    4    5   16    9   10    8   42   42   29   45   45   45   47   46   48   48   48   51   51   59   53   53   52   54   56   54   56   63   65   66   71   67   68   72   69   74   71   72   74   73   77   79   88   90   90   93   96   90   95   90   99   96   97  101   99   95  105   75   74   77   79   78   82   76   80   82   76   79   82   81   84   35   39   26   31   34   36   38   40   35   32   34   35   37   37   40   38   37   47   43   44   43   43   48   47   45   46   48   25   30   42   37   32   27   29   38   44   29   27   42   50 
  44   13   11    5    5    4    2    0   12    3    3    5   14    8    8    7   40   40   29   43   43   43   45   44   46   46   46   49   49   57   51   51   50   52   54   52   54   62   63   64   69   65   67   70   67   73   69   70   72   71   75   77   87   89   89   92   95   89   94   89   97   94   96  100   98   94  104   75   73   77   79   78   81   75   79   81   76   78   81   80   84   36   40   27   32   35   37   39   41   35   33   35   36   38   37   41   39   38   47   44   44   44   43   49   47   46   47   49   25   30   42   38   34   28   30   38   44   30   28   43   51 
  51   23   22   16   15   16   14   12    0   12   13   12    4    8   10   12   28   28   35   31   31   31   33   32   34   34   34   37   37   45   39   39   38   40   42   40   42   52   54   55   61   55   57   61   57   63   59   60   62   60   65   68   81   83   82   86   89   82   88   81   91   87   89   93   91   87   96   75   72   77   79   78   80   74   78   80   75   77   80   78   82   45   48   35   39   42   45   46   49   42   40   41   43   44   43   47   45   42   49   49   49   49   50   53   53   53   53   55   30   32   45   46   42   36   35   41   48   39   34   52   58 
  46   12   11    5    4    4    4    3   12    0    2    2   13    6    6    5   39   39   32   42   42   42   44   44   45   45   45   48   47   56   50   50   50   51   53   51   52   62   64   65   70   65   67   71   67   73   69   70   72   71   75   78   88   90   90   93   97   90   95   90   98   95   97  101   99   95  105   77   75   78   80   80   83   77   81   83   78   80   83   82   86   38   42   29   34   37   40   41   43   38   35   37   39   40   40   43   41   40   49   46   46   46   46   51   50   48   49   51   27   32   44   40   36   30   32   40   47   33   30   45   53 
  46   11   10    4    3    4    4    3   13    2    0    2   13    7    6    4   39   40   32   42   43   43   45   45   46   46   46   49   49   57   51   51   51   52   54   52   54   63   65   66   71   67   69   72   69   75   70   72   74   72   77   79   89   92   91   95   98   92   96   91  100   97   98  102  100   96  106   78   76   80   82   81   84   78   82   84   79   81   84   83   87   38   42   29   34   37   40   41   43   38   36   37   39   41   40   43   42   41   50   47   47   46   46   51   50   49   49   52   28   33   45   40   36   30   33   41   47   33   31   45   53 
  48   11   11    4    3    5    5    5   12    2    2    0   13    5    5    3   39   39   33   42   42   42   44   44   45   44   45   48   48   56   50   49   50   51   52   51   53   63   65   66   71   67   68   72   68   74   70   71   74   72   77   79   90   92   91   95   98   92   97   91  100   97   99  103  101   97  106   79   77   80   82   82   85   79   83   85   80   82   85   84   88   40   44   31   35   39   41   43   45   39   37   39   40   42   42   45   43   42   51   48   48   48   48   53   51   50   51   53   29   34   46   42   37   32   34   42   49   34   32   47   55 
  54   23   23   17   16   17   16   14    4   13   13   13    0    8    9   12   26   27   38   29   30   30   32   32   33   33   33   36   36   44   38   38   38   39   41   39   41   53   55   56   63   56   58   63   58   65   60   61   64   61   66   69   83   85   85   88   92   85   90   84   93   89   91   95   93   89   98   78   75   80   82   81   84   78   82   84   78   80   83   81   85   48   51   38   42   45   48   49   51   45   43   44   46   47   46   50   48   45   52   52   52   52   53   56   56   55   56   58   34   35   48   49   44   39   39   44   51   42   37   55   61 
  50   16   16    9    8   10    9    8    8    6    7    5    8    0    3    5   34   34   35   37   37   37   39   39   40   39   40   43   43   51   45   44   45   46   47   46   48   59   61   62   68   63   64   68   64   71   66   67   70   68   72   75   87   90   89   92   96   89   94   88   97   94   96  100   98   94  103   79   76   81   83   82   85   79   83   85   79   81   84   83   87   43   47   34   38   41   44   45   48   42   39   41   43   44   43   47   45   43   51   50   50   50   50   54   53   52   53   55   31   34   47   45   40   35   36   43   50   37   34   50   58 
  52   15   14    9    8    9   10    8   10    6    6    5    9    3    0    3   35   35   37   38   38   39   39   40   40   41   41   43   44   53   45   46   46   47   49   47   49   61   63   64   70   65   66   71   66   73   68   69   72   70   74   77   89   92   91   95   98   91   96   90  100   96   98  102  100   96  105   81   78   83   85   84   87   81   85   87   81   83   86   85   89   44   48   35   39   42   45   46   49   43   41   42   44   46   45   48   47   45   53   51   51   51   51   56   55   54   54   56   32   36   48   46   41   35   37   44   51   38   35   51   59 
  50   12   11    6    5    7    8    7   12    5    4    3   12    5    3    0   38   38   36   41   41   42   42   43   43   44   44   46   47   56   48   49   49   50   52   50   52   63   65   66   72   67   69   73   69   75   70   72   74   72   77   79   91   93   93   96   99   93   98   92  101   98  100  104  102   98  107   81   79   83   85   84   87   81   85   87   81   84   87   85   89   42   46   33   38   41   44   45   47   42   39   41   43   45   44   47   45   44   53   50   50   50   50   55   54   52   53   55   32   36   48   44   40   34   36   44   51   37   34   49   57 
  75   49   49   43   42   43   42   40   28   39   39   39   26   34   35   38    0    2   58    3    5    8    6    6    7    7    8   10   10   20   12   12   12   13   15   13   15   38   41   43   51   41   44   49   41   50   42   44   47   43   48   52   75   78   76   80   84   76   82   74   84   79   81   86   83   78   87   85   78   88   90   86   88   82   86   88   81   83   86   83   87   70   72   61   64   66   69   69   72   65   62   63   66   66   64   70   66   62   66   69   69   70   71   73   73   74   74   75   53   52   62   69   66   61   58   59   67   64   57   77   81 
  74   49   49   43   42   43   42   40   28   39   40   39   27   34   35   38    2    0   57    4    4    6    8    6    8    7    7   11   10   19   13   12   12   14   15   12   15   36   39   41   49   39   42   47   39   48   40   42   46   42   47   50   73   76   74   78   82   74   80   72   82   77   79   84   81   76   86   84   76   86   88   84   86   80   84   86   80   81   84   81   85   69   71   60   63   65   68   68   71   64   61   62   65   65   63   68   65   61   64   68   67   69   70   71   72   73   73   74   52   50   61   68   65   60   57   58   66   63   56   76   80 
  17   36   34   32   33   30   29   29   35   32   32   33   38   35   37   36   58   57    0   61   59   57   64   61   65   64   61   67   65   70   69   68   66   71   71   68   70   63   63   63   64   66   66   67   69   70   71   71   72   73   76   77   74   76   76   79   81   77   81   78   85   83   85   88   87   84   92   49   52   51   53   54   58   52   56   58   53   56   59   59   62   15   15    9    8    9   11   11   15    8    5    6    8    9    9   13   10   10   20   15   16   15   15   20   19   18   18   20    5   10   16   12    9    8    2   12   17    9    2   20   24 
  77   52   52   46   45   46   45   43   31   42   42   42   29   37   38   41    3    4   61    0    4    7    4    4    5    4    6    7    7   17    9    9    9   11   12   10   12   37   40   42   50   40   43   48   40   49   41   43   46   42   47   50   75   78   76   80   84   75   81   73   84   78   80   85   82   77   87   87   79   90   91   87   89   83   87   89   82   84   87   83   87   73   75   63   66   68   71   71   75   68   65   66   68   68   67   72   69   65   68   72   71   73   74   75   75   77   76   77   56   54   64   72   68   64   60   61   69   66   59   79   84 
  75   52   52   46   45   46   45   43   31   42   43   42   30   37   38   41    5    4   59    4    0    3    8    3    8    6    4   10    7   15   11   10    9   13   13   10   12   33   36   38   46   36   39   44   36   45   37   39   43   38   43   47   71   74   72   76   80   71   77   69   80   74   76   81   79   73   83   83   75   86   88   83   85   79   83   85   79   80   83   80   83   71   73   62   65   67   69   69   73   66   63   64   66   66   64   70   67   62   65   69   68   70   72   72   73   74   74   75   54   52   61   70   67   62   58   59   67   65   57   78   82 
  74   53   52   46   45   46   45   43   31   42   43   42   30   37   39   42    8    6   57    7    3    0   11    5   11    9    4   12    9   15   13   12    9   15   14   11   13   30   33   35   43   33   36   42   34   43   35   36   40   36   41   44   68   71   69   73   77   68   74   66   77   72   74   78   76   70   80   81   72   83   85   80   82   77   80   82   76   77   80   77   81   70   72   61   63   65   68   68   72   64   61   63   65   65   63   68   65   61   63   68   67   69   70   70   71   73   72   73   52   50   60   69   66   61   57   57   65   64   56   76   81 
  80   54   53   48   47   48   47   45   33   44   45   44   32   39   39   42    6    8   64    4    8   11    0    6    1    3    9    4    6   17    6    7    9    8   10    9   10   39   42   44   53   42   45   51   42   51   43   45   48   43   48   52   78   81   79   83   87   78   84   75   86   81   83   88   85   79   89   90   82   93   95   90   92   87   90   92   86   87   90   87   91   76   78   66   69   72   74   75   78   71   68   69   72   72   70   75   72   68   71   75   74   76   77   78   79   80   80   81   59   58   68   75   72   67   63   65   73   69   62   82   87 
  77   54   54   48   47   48   46   44   32   44   45   44   32   39   40   43    6    6   61    4    3    5    6    0    7    5    3    8    5   14    9    8    6   11   10    8   10   33   36   38   47   36   39   45   36   46   37   39   43   38   43   47   72   75   73   77   81   72   78   70   80   75   77   82   79   74   83   85   77   88   90   85   87   81   85   87   80   81   84   81   85   73   75   64   67   69   72   72   75   68   65   66   68   68   67   72   69   65   67   72   70   73   74   75   75   77   76   77   56   54   64   73   69   64   60   61   69   67   60   80   84 
  81   55   54   49   48   49   48   46   34   45   46   45   33   40   40   43    7    8   65    5    8   11    1    7    0    2    8    3    5   17    5    6    8    7    9    8    9   39   42   44   53   42   45   51   42   51   42   44   48   43   48   52   78   81   79   83   87   78   84   75   86   81   83   88   85   79   89   91   83   94   95   91   93   87   91   93   86   87   90   87   91   77   79   67   70   73   75   75   79   72   69   70   72   72   71   76   73   69   72   76   75   77   78   79   79   81   80   82   60   58   68   76   73   68   64   66   73   70   63   83   88 
  80   55   55   48   47   49   48   46   34   45   46   44   33   39   41   44    7    7   64    4    6    9    3    5    2    0    6    4    4   15    6    5    7    8    8    7    9   37   40   42   51   40   43   49   40   49   40   42   46   41   46   50   76   79   77   81   85   76   82   73   84   79   81   86   83   77   87   89   81   92   94   89   91   85   89   91   84   86   88   85   89   76   78   66   69   72   74   74   78   71   68   69   71   71   70   75   72   68   71   75   74   76   77   78   78   80   79   80   59   57   67   75   72   67   63   64   72   69   62   82   87 
  77   55   55   49   48   49   48   46   34   45   46   45   33   40   41   44    8    7   61    6    4    4    9    3    8    6    0    9    5   12   10    8    6   12   10    7    9   31   34   36   45   34   37   43   34   44   35   37   40   36   41   44   70   73   71   75   79   70   76   67   78   73   75   80   77   71   81   84   75   87   88   83   85   80   83   85   79   80   83   80   83   74   75   64   67   69   72   72   75   68   65   66   68   68   66   72   69   64   66   71   70   72   74   74   75   76   76   77   56   54   63   73   69   65   60   61   68   67   60   80   84 
  84   58   57   52   51   52   51   49   37   48   49   48   36   43   43   46   10   11   67    7   10   12    4    8    3    4    9    0    4   15    2    3    7    4    6    6    7   39   42   44   53   41   44   50   41   51   41   43   47   42   47   50   78   81   79   83   87   78   84   75   86   80   82   87   84   79   88   92   84   95   97   92   94   88   92   94   87   89   91   88   92   79   81   70   73   75   78   78   82   74   71   73   75   75   73   79   75   71   74   78   77   79   80   81   82   83   83   84   62   61   71   79   75   70   67   68   76   73   66   86   91 
  82   58   58   52   51   51   51   49   37   47   49   48   36   43   44   47   10   10   65    7    7    9    6    5    5    4    5    4    0   12    5    3    3    7    6    4    5   35   38   40   49   37   40   46   37   47   37   39   43   38   43   47   74   77   75   79   83   74   80   71   82   76   78   83   80   75   84   89   80   92   93   88   90   85   88   90   84   85   88   84   88   78   80   69   71   73   76   76   80   73   69   71   73   73   71   77   73   69   71   76   75   77   78   79   79   81   81   82   60   58   68   77   74   69   65   65   73   71   64   84   89 
  86   67   67   60   59   60   59   57   45   56   57   56   44   51   53   56   20   19   70   17   15   15   17   14   17   15   12   15   12    0   14   12    9   15   11    9    9   27   30   32   41   29   32   38   28   38   28   30   34   28   33   37   66   69   67   71   75   66   72   62   73   68   70   75   72   66   75   87   77   90   91   85   87   81   85   87   80   81   84   80   84   83   84   74   76   78   81   80   84   77   74   75   77   76   74   80   77   72   73   79   77   80   82   81   82   84   84   84   65   62   70   81   78   74   69   68   75   77   69   89   92 
  86   60   59   54   53   54   53   51   39   50   51   50   38   45   45   48   12   13   69    9   11   13    6    9    5    6   10    2    5   14    0    2    6    3    4    6    5   39   42   44   53   41   44   50   40   50   41   43   47   41   46   50   78   81   79   83   87   78   84   75   86   80   82   87   84   78   88   93   85   96   98   93   95   89   93   95   88   89   92   89   93   81   83   72   75   77   80   80   83   76   73   74   77   77   75   80   77   73   75   80   79   81   82   83   83   85   85   85   64   62   72   81   77   72   69   70   77   75   68   88   92 
  85   60   60   53   52   54   53   51   39   50   51   49   38   44   46   49   12   12   68    9   10   12    7    8    6    5    8    3    3   12    2    0    4    5    3    4    4   37   40   42   51   39   42   48   38   48   39   41   45   39   44   48   76   79   77   81   85   76   82   73   84   78   80   85   82   76   86   92   83   94   96   91   93   87   91   93   86   87   90   87   91   80   82   71   74   76   79   79   82   75   72   73   76   75   74   79   76   72   74   79   78   80   81   82   82   84   83   84   63   61   71   80   76   71   68   68   76   74   67   87   91 
  83   60   60   54   53   54   52   50   38   50   51   50   38   45   46   49   12   12   66    9    9    9    9    6    8    7    6    7    3    9    6    4    0    9    5    2    4   33   36   38   47   35   38   44   34   44   35   37   41   36   40   44   72   75   73   77   81   72   78   69   80   74   76   81   78   72   82   88   79   91   93   87   89   84   87   89   83   84   87   83   87   79   81   70   72   74   77   77   81   73   70   72   74   73   72   77   74   70   71   77   75   78   79   79   80   82   81   82   61   59   68   78   75   70   66   66   74   73   65   85   90 
  87   60   61   55   54   55   54   52   40   51   52   51   39   46   47   50   13   14   71   11   13   15    8   11    7    8   12    4    7   15    3    5    9    0    5    7    7   41   44   46   54   43   46   52   42   52   42   44   48   43   48   51   80   83   80   84   88   80   86   77   88   82   84   89   86   80   90   96   87   98  100   95   97   91   95   97   90   91   94   91   95   83   85   74   77   79   82   82   85   78   75   76   79   78   77   82   79   75   78   82   81   83   84   85   85   87   87   88   66   64   74   82   79   74   70   72   79   77   69   89   94 
  87   63   63   56   55   57   56   54   42   53   54   52   41   47   49   52   15   15   71   12   13   14   10   10    9    8   10    6    6   11    4    3    5    5    0    4    2   37   40   42   51   39   42   48   38   48   38   40   44   39   43   47   76   79   77   81   85   75   81   73   84   78   80   85   82   76   85   93   84   96   98   92   94   89   92   94   88   89   91   88   92   83   85   74   77   79   81   81   85   78   75   76   78   78   76   82   79   74   76   81   80   82   84   84   85   86   86   87   66   64   73   82   79   74   70   71   78   77   69   90   94 
  84   61   61   55   54   55   54   52   40   51   52   51   39   46   47   50   13   12   68   10   10   11    9    8    8    7    7    6    4    9    6    4    2    7    4    0    3   34   37   39   47   36   39   45   35   45   36   38   41   36   41   45   73   76   73   77   81   73   79   70   81   75   77   82   79   73   83   90   81   92   94   89   90   85   89   90   84   85   88   84   88   80   82   71   74   76   78   78   82   75   72   73   75   75   73   79   75   71   73   78   77   79   80   81   81   83   83   83   63   61   70   79   76   71   67   67   75   74   66   87   91 
  86   63   63   57   56   56   56   54   42   52   54   53   41   48   49   52   15   15   70   12   12   13   10   10    9    9    9    7    5    9    5    4    4    7    2    3    0   35   38   40   49   37   40   46   36   46   36   38   42   37   41   45   74   77   75   79   83   73   79   71   82   76   78   83   80   74   83   91   82   94   96   90   92   87   90   92   86   87   90   86   90   82   84   73   76   78   81   81   84   77   74   75   77   77   75   81   78   73   75   80   79   81   82   83   83   85   85   86   65   63   72   82   78   74   69   70   77   76   69   89   93 
  77   73   72   66   65   65   63   62   52   62   63   63   53   59   61   63   38   36   63   37   33   30   39   33   39   37   31   39   35   27   39   37   33   41   37   34   35    0    3    5   15    4    6   12    7   13    9    9   11   11   14   16   40   43   41   45   49   40   46   37   48   42   44   49   46   41   50   65   54   68   69   62   63   58   61   63   57   57   60   56   59   77   77   69   70   71   73   72   76   69   66   67   68   67   65   71   67   62   58   67   65   69   71   68   70   73   72   72   59   54   57   74   72   69   62   57   62   71   62   82   82 
  77   75   74   68   67   67   65   63   54   64   65   65   55   61   63   65   41   39   63   40   36   33   42   36   42   40   34   42   38   30   42   40   36   44   40   37   38    3    0    2   12    4    4    9    7   10    9    8    9   11   14   15   37   40   38   42   46   37   43   34   45   39   41   46   43   38   47   63   51   66   67   60   61   56   59   61   55   55   57   53   57   77   77   70   70   71   73   72   76   69   66   67   69   66   64   71   67   62   58   67   65   69   71   67   69   73   72   71   60   54   57   74   72   70   62   57   62   71   62   82   82 
  77   76   75   69   68   68   66   64   55   65   66   66   56   62   64   66   43   41   63   42   38   35   44   38   44   42   36   44   40   32   44   42   38   46   42   39   40    5    2    0   10    5    3    7    8    9    9    9    9   11   13   14   35   38   36   40   44   35   41   32   43   37   39   44   41   36   45   62   50   65   66   58   59   55   58   59   54   54   56   52   55   77   77   70   70   71   73   72   76   69   66   67   69   67   65   71   67   62   57   67   65   69   71   67   69   73   72   71   60   54   57   74   72   70   62   56   62   72   62   82   82 
  76   81   80   74   73   73   71   69   61   70   71   71   63   68   70   72   51   49   64   50   46   43   53   47   53   51   45   53   49   41   53   51   47   54   51   47   49   15   12   10    0   13   10    5   15    8   16   15   12   18   17   15   26   29   26   30   34   26   32   23   34   29   31   35   33   27   37   56   44   59   60   52   52   49   51   52   47   47   49   44   47   78   77   72   71   72   73   72   76   69   66   67   69   66   64   70   66   61   55   66   64   68   70   65   68   72   71   70   62   55   56   74   73   72   63   56   61   73   64   82   81 
  80   77   76   70   69   69   67   65   55   65   67   67   56   63   65   67   41   39   66   40   36   33   42   36   42   40   34   41   37   29   41   39   35   43   39   36   37    4    4    5   13    0    3    9    4   10    6    6    8    8   11   13   38   41   39   43   47   38   44   35   46   40   42   47   44   38   48   66   54   69   70   63   63   59   62   63   58   58   60   56   59   80   80   73   73   74   76   75   79   72   69   70   72   70   68   74   70   65   61   70   68   72   74   71   72   76   75   74   62   57   60   77   75   73   65   60   65   74   65   85   85 
  80   79   78   72   71   70   68   67   57   67   69   68   58   64   66   69   44   42   66   43   39   36   45   39   45   43   37   44   40   32   44   42   38   46   42   39   40    6    4    3   10    3    0    6    5    7    7    6    6    9   10   11   35   38   36   40   44   35   41   32   43   37   39   44   41   35   45   64   52   67   68   61   61   57   60   61   56   56   58   54   57   80   80   73   73   74   76   75   79   72   69   70   72   70   68   74   70   65   60   70   68   72   74   70   72   76   75   74   63   57   60   77   75   73   65   59   65   75   65   85   85 
  80   82   81   75   74   74   72   70   61   71   72   72   63   68   71   73   49   47   67   48   44   42   51   45   51   49   43   50   46   38   50   48   44   52   48   45   46   12    9    7    5    9    6    0   11    3   12   10    7   13   12   11   29   32   30   34   38   29   35   26   37   31   33   38   35   29   39   61   49   64   65   57   57   54   56   57   52   52   54   49   52   81   80   75   74   75   76   75   79   73   70   71   72   70   68   74   70   65   60   70   68   72   74   70   72   76   75   74   64   58   60   77   76   75   66   60   64   76   67   85   85 
  83   79   78   72   71   71   69   67   57   67   69   68   58   64   66   69   41   39   69   40   36   34   42   36   42   40   34   41   37   28   40   38   34   42   38   35   36    7    7    8   15    4    5   11    0   10    2    3    7    4    9   11   40   42   40   44   48   39   45   36   47   41   43   48   45   39   48   69   57   72   73   66   66   62   65   66   61   61   63   59   62   83   83   75   76   77   79   77   81   75   72   73   75   73   71   77   73   68   64   73   71   75   77   74   75   79   78   77   65   60   63   80   78   75   68   63   68   77   68   88   88 
  83   85   84   78   77   76   74   73   63   73   75   74   65   71   73   75   50   48   70   49   45   43   51   46   51   49   44   51   47   38   50   48   44   52   48   45   46   13   10    9    8   10    7    3   10    0   11    9    5   11   10    8   30   33   30   34   38   29   35   26   37   31   33   38   35   29   38   64   51   66   67   59   60   56   58   60   54   54   56   51   54   84   83   78   77   78   79   78   82   75   73   73   75   73   71   77   73   68   63   73   71   75   77   73   75   79   78   77   67   61   63   80   79   77   69   63   67   79   70   88   88 
  85   81   80   74   73   73   71   69   59   69   70   70   60   66   68   70   42   40   71   41   37   35   43   37   42   40   35   41   37   28   41   39   35   42   38   36   36    9    9    9   16    6    7   12    2   11    0    2    6    2    7   10   40   43   41   44   48   39   45   36   47   41   43   48   44   39   48   71   59   74   75   67   68   64   66   68   62   62   64   60   63   85   85   77   78   79   81   79   83   77   74   75   77   75   73   79   75   70   66   75   73   77   79   76   77   81   80   79   67   62   65   82   80   77   70   65   70   79   70   90   90 
  85   82   81   75   74   74   72   70   60   70   72   71   61   67   69   72   44   42   71   43   39   36   45   39   44   42   37   43   39   30   43   41   37   44   40   38   38    9    8    9   15    6    6   10    3    9    2    0    4    3    6    8   38   41   39   42   46   37   43   34   45   39   41   46   42   37   46   70   57   72   74   66   66   62   65   66   61   61   63   58   61   85   85   78   78   79   81   80   84   77   74   75   77   74   72   79   75   70   65   75   73   77   79   75   77   81   80   79   67   62   65   82   80   78   70   65   70   79   70   90   90 
  85   84   83   77   76   76   74   72   62   72   74   74   64   70   72   74   47   46   72   46   43   40   48   43   48   46   40   47   43   34   47   45   41   48   44   41   42   11    9    9   12    8    6    7    7    5    6    4    0    7    6    6   34   37   35   39   42   33   39   30   41   35   37   42   38   33   42   67   55   70   71   63   64   60   62   64   58   58   60   56   58   85   85   79   79   79   81   80   84   77   74   75   77   75   73   79   75   70   65   75   73   77   78   75   77   81   80   79   68   62   65   82   80   78   70   65   70   80   71   90   90 
  87   82   82   75   74   74   73   71   60   71   72   72   61   68   70   72   43   42   73   42   38   36   43   38   43   41   36   42   38   28   41   39   36   43   39   36   37   11   11   11   18    8    9   13    4   11    2    3    7    0    5    9   41   44   41   45   49   40   45   36   47   41   43   48   45   39   48   72   60   75   76   69   69   65   68   69   64   63   66   61   64   87   87   79   80   81   83   81   85   79   76   77   79   77   75   81   77   72   68   77   75   79   81   78   79   83   82   81   69   64   67   84   82   79   72   67   72   81   72   92   92 
  90   87   86   80   79   79   77   75   65   75   77   77   66   72   74   77   48   47   76   47   43   41   48   43   48   46   41   47   43   33   46   44   40   48   43   41   41   14   14   13   17   11   10   12    9   10    7    6    6    5    0    4   38   41   38   42   46   37   42   33   43   37   39   44   41   35   43   73   60   75   77   69   69   65   68   69   64   63   65   61   63   90   90   83   83   84   86   85   89   82   79   80   82   80   78   84   80   75   70   80   78   82   84   80   82   86   85   84   73   67   70   87   85   83   75   69   75   85   75   95   95 
  90   89   88   82   81   81   79   77   68   78   79   79   69   75   77   79   52   50   77   50   47   44   52   47   52   50   44   50   47   37   50   48   44   51   47   45   45   16   15   14   15   13   11   11   11    8   10    8    6    9    4    0   34   37   35   38   42   33   38   29   40   33   35   40   37   31   39   71   58   73   74   66   66   63   65   66   61   61   63   58   61   91   90   84   84   84   86   85   89   82   79   80   82   80   78   84   80   75   70   79   78   82   84   80   82   85   85   84   74   68   69   87   86   84   76   70   75   85   76   95   94 
  81   99   97   92   91   90   88   87   81   88   89   90   83   87   89   91   75   73   74   75   71   68   78   72   78   76   70   78   74   66   78   76   72   80   76   73   74   40   37   35   26   38   35   29   40   30   40   38   34   41   38   34    0    3    3    6   10    4    8    8   11   11   11   14   13   12   19   47   33   49   49   40   39   38   38   39   36   34   34   30   31   86   84   83   80   80   80   78   82   77   75   75   76   73   71   76   73   68   59   70   68   73   75   68   71   76   74   72   73   66   61   81   81   82   73   63   65   82   74   88   84 
  83  101   99   94   94   93   90   89   83   90   92   92   85   90   92   93   78   76   76   78   74   71   81   75   81   79   73   81   77   69   81   79   75   83   79   76   77   43   40   38   29   41   38   32   42   33   43   41   37   44   41   37    3    0    3    3    7    5    5   10    9   11   11   12   12   13   18   46   34   49   49   40   38   37   38   38   35   34   34   30   30   88   85   84   82   81   82   80   83   78   77   77   78   75   73   78   74   70   60   72   69   74   76   69   72   77   76   74   75   68   63   83   83   84   75   65   66   84   76   90   85 
  84  100   99   94   93   92   90   89   82   90   91   91   85   89   91   93   76   74   76   76   72   69   79   73   79   77   71   79   75   67   79   77   73   80   77   73   75   41   38   36   26   39   36   30   40   30   41   39   35   41   38   35    3    3    0    4    8    3    6    7    9    9    9   12   11   11   17   49   36   51   51   42   40   40   40   40   38   36   36   32   33   88   86   85   83   82   82   81   84   79   77   77   79   75   74   78   75   70   61   73   70   75   77   71   73   78   77   75   75   68   64   83   84   84   75   66   67   85   76   90   86 
  85  104  102   97   96   95   93   92   86   93   95   95   88   92   95   96   80   78   79   80   76   73   83   77   83   81   75   83   79   71   83   81   77   84   81   77   79   45   42   40   30   43   40   34   44   34   44   42   39   45   42   38    6    3    4    0    4    6    3   10    6    9    9    9   10   12   15   49   36   50   51   42   40   40   40   40   38   35   36   32   32   91   88   87   85   84   85   83   86   81   79   80   81   77   76   80   77   73   63   74   72   77   79   72   75   80   78   76   78   71   66   85   86   87   77   68   69   87   79   92   88 
  87  107  105  100  100   99   96   95   89   97   98   98   92   96   98   99   84   82   81   84   80   77   87   81   87   85   79   87   83   75   87   85   81   88   85   81   83   49   46   44   34   47   44   38   48   38   48   46   42   49   46   42   10    7    8    4    0   10    4   13    6   11   10    8   10   14   14   49   37   51   51   42   39   40   40   39   38   36   36   32   32   93   90   90   87   86   87   85   88   84   82   82   83   80   78   82   79   75   65   76   74   79   81   74   77   82   80   78   80   73   68   88   88   89   80   70   71   89   81   94   89 
  85  101   99   94   94   93   90   89   82   90   92   92   85   89   91   93   76   74   77   75   71   68   78   72   78   76   70   78   74   66   78   76   72   80   75   73   73   40   37   35   26   38   35   29   39   29   39   37   33   40   37   33    4    5    3    6   10    0    6    5    9    7    8   11   10    8   15   51   37   53   53   44   42   42   42   42   40   38   38   34   35   90   87   86   84   83   84   82   85   80   78   79   80   77   75   80   76   72   63   74   72   76   78   72   75   79   78   76   76   69   65   85   85   85   76   67   69   86   77   92   88 
  88  106  104   99   98   97   95   94   88   95   96   97   90   94   96   98   82   80   81   81   77   74   84   78   84   82   76   84   80   72   84   82   78   86   81   79   79   46   43   41   32   44   41   35   45   35   45   43   39   45   42   38    8    5    6    3    4    6    0   10    4    8    7    7    7   10   13   51   38   53   53   43   42   42   42   42   40   38   38   33   34   93   90   89   87   86   87   85   88   83   82   82   83   80   78   82   79   75   65   77   74   79   81   74   77   82   81   78   80   73   68   88   88   89   80   70   71   89   81   95   90 
  87  101   99   94   93   92   90   89   81   90   91   91   84   88   90   92   74   72   78   73   69   66   75   70   75   73   67   75   71   62   75   73   69   77   73   70   71   37   34   32   23   35   32   26   36   26   36   34   30   36   33   29    8   10    7   10   13    5   10    0   11    6    8   13   10    6   15   54   41   56   56   47   46   45   46   46   43   41   42   38   39   91   89   86   85   84   85   83   87   81   79   80   81   78   76   81   77   73   64   76   73   78   80   74   76   81   80   78   77   70   66   86   86   86   77   68   70   87   78   93   90 
  91  109  108  102  102  101   99   97   91   98  100  100   93   97  100  101   84   82   85   84   80   77   86   80   86   84   78   86   82   73   86   84   80   88   84   81   82   48   45   43   34   46   43   37   47   37   47   45   41   47   43   40   11    9    9    6    6    9    4   11    0    7    5    4    5   10   10   54   41   56   56   47   45   45   45   45   43   41   40   37   37   96   94   93   91   90   90   88   92   87   85   85   86   83   81   86   83   78   69   80   78   82   85   78   81   85   84   82   83   76   72   91   92   92   83   74   75   93   84   98   94 
  91  106  105   99   99   98   96   94   87   95   97   97   89   94   96   98   79   77   83   78   74   72   81   75   81   79   73   80   76   68   80   78   74   82   78   75   76   42   39   37   29   40   37   31   41   31   41   39   35   41   37   33   11   11    9    9   11    7    8    6    7    0    2    7    5    3   10   57   44   59   59   50   48   48   48   48   46   44   44   40   40   96   94   92   90   89   90   88   92   86   84   85   86   83   81   86   82   78   69   80   78   82   85   78   81   86   84   82   82   75   71   91   91   91   82   73   75   92   83   98   94 
  92  108  106  101  100   99   97   96   89   97   98   99   91   96   98  100   81   79   85   80   76   74   83   77   83   81   75   82   78   70   82   80   76   84   80   77   78   44   41   39   31   42   39   33   43   33   43   41   37   43   39   35   11   11    9    9   10    8    7    8    5    2    0    5    3    5    8   57   44   59   59   50   48   48   48   48   46   44   44   40   40   97   94   93   91   90   91   89   93   87   85   86   87   84   82   87   83   79   70   81   79   83   85   79   82   87   85   83   83   76   72   92   92   92   83   74   76   93   84   99   95 
  94  112  110  105  104  103  101  100   93  101  102  103   95  100  102  104   86   84   88   85   81   78   88   82   88   86   80   87   83   75   87   85   81   89   85   82   83   49   46   44   35   47   44   38   48   38   48   46   42   48   44   40   14   12   12    9    8   11    7   13    4    7    5    0    4   10    6   57   44   59   59   50   47   48   48   47   46   44   44   40   40  100   97   96   94   93   93   92   95   90   88   88   90   86   85   89   86   81   72   83   81   85   88   81   84   89   87   85   86   79   75   94   95   95   86   77   78   96   87  101   97 
  94  110  108  103  103  102   99   98   91   99  100  101   93   98  100  102   83   81   87   82   79   76   85   79   85   83   77   84   80   72   84   82   78   86   82   79   80   46   43   41   33   44   41   35   45   35   44   42   38   45   41   37   13   12   11   10   10   10    7   10    5    5    3    4    0    7    6   58   45   60   60   50   49   49   49   49   47   45   45   40   41   99   96   95   93   92   93   91   94   89   87   88   89   86   84   89   85   81   72   83   81   85   87   81   83   88   87   85   85   78   74   94   94   94   85   76   77   95   86  101   97 
  92  106  105   99   98   98   95   94   87   95   96   97   89   94   96   98   78   76   84   77   73   70   79   74   79   77   71   79   75   66   78   76   72   80   76   73   74   41   38   36   27   38   35   29   39   29   39   37   33   39   35   31   12   13   11   12   14    8   10    6   10    3    5   10    7    0   10   59   45   61   61   52   50   50   50   50   48   46   46   42   43   97   94   92   91   90   91   89   93   87   85   85   87   84   82   87   83   79   70   81   79   84   86   80   82   87   86   84   82   75   72   92   92   92   83   74   76   92   84   99   95 
 100  115  114  109  108  107  105  104   96  105  106  106   98  103  105  107   87   86   92   87   83   80   89   83   89   87   81   88   84   75   88   86   82   90   85   83   83   50   47   45   37   48   45   39   48   38   48   46   42   48   43   39   19   18   17   15   14   15   13   15   10   10    8    6    6   10    0   63   50   65   65   56   53   54   54   53   52   50   50   46   46  105  102  101   99   98   99   97  100   95   93   93   95   91   90   94   91   87   77   89   86   91   93   87   89   94   93   91   91   84   80   99  100  100   91   82   83  101   92  107  102 
  47   83   81   79   79   77   75   75   75   77   78   79   78   79   81   81   85   84   49   87   83   81   90   85   91   89   84   92   89   87   93   92   88   96   93   90   91   65   63   62   56   66   64   61   69   64   71   70   67   72   73   71   47   46   49   49   49   51   51   54   54   57   57   57   58   59   63    0   14    3    5    8   11    9   10   11   11   14   14   18   19   56   51   57   52   50   49   47   49   48   47   47   47   43   42   44   42   40   29   38   36   39   41   33   36   41   39   36   51   46   34   50   52   56   48   38   34   55   50   54   46 
  54   83   81   78   78   76   74   73   72   75   76   77   75   76   78   79   78   76   52   79   75   72   82   77   83   81   75   84   80   77   85   83   79   87   84   81   82   54   51   50   44   54   52   49   57   51   59   57   55   60   60   58   33   34   36   36   37   37   38   41   41   44   44   44   45   45   50   14    0   16   17    9   10    5    9   10    4    5    8    8   11   61   57   60   56   55   54   52   55   52   51   50   51   47   46   49   47   44   33   43   41   45   47   40   42   47   46   43   52   46   37   55   57   59   50   40   38   59   52   61   55 
  48   85   83   81   81   79   77   77   77   78   80   80   80   81   83   83   88   86   51   90   86   83   93   88   94   92   87   95   92   90   96   94   91   98   96   92   94   68   66   65   59   69   67   64   72   66   74   72   70   75   75   73   49   49   51   50   51   53   53   56   56   59   59   59   60   61   65    3   16    0    2   10   12   12   12   12   14   15   16   20   20   56   52   58   54   51   50   48   50   49   49   48   48   44   44   45   43   42   31   39   37   40   42   34   37   41   40   37   53   48   36   51   53   57   50   40   35   56   51   55   47 
  49   87   85   83   83   81   79   79   79   80   82   82   82   83   85   85   90   88   53   91   88   85   95   90   95   94   88   97   93   91   98   96   93  100   98   94   96   69   67   66   60   70   68   65   73   67   75   74   71   76   77   74   49   49   51   51   51   53   53   56   56   59   59   59   60   61   65    5   17    2    0   10   12   12   11   12   14   16   16   20   20   58   54   60   56   53   52   50   51   50   50   50   50   46   45   47   45   44   33   40   39   42   44   36   39   43   42   39   55   50   38   52   55   59   51   42   37   58   53   56   48 
  54   88   86   83   82   81   78   78   78   80   81   82   81   82   84   84   86   84   54   87   83   80   90   85   91   89   83   92   88   85   93   91   87   95   92   89   90   62   60   58   52   63   61   57   66   59   67   66   63   69   69   66   40   40   42   42   42   44   43   47   47   50   50   50   50   52   56    8    9   10   10    0    4    4    3    4    5    7    7   10   11   62   58   62   58   56   55   53   55   53   53   52   52   49   48   50   48   46   35   44   42   46   48   40   43   47   46   43   56   50   39   56   58   61   53   43   39   60   55   61   54 
  57   91   89   86   86   84   82   81   80   83   84   85   84   85   87   87   88   86   58   89   85   82   92   87   93   91   85   94   90   87   95   93   89   97   94   90   92   63   61   59   52   63   61   57   66   60   68   66   64   69   69   66   39   38   40   40   39   42   42   46   45   48   48   47   49   50   53   11   10   12   12    4    0    6    2    0    7    6    5    9    9   65   61   66   62   60   59   57   59   57   56   56   56   52   51   54   52   49   38   47   45   49   51   43   46   51   50   47   59   53   43   60   62   65   57   46   43   64   58   64   57 
  53   85   83   80   80   78   76   75   74   77   78   79   78   79   81   81   82   80   52   83   79   77   87   81   87   85   80   88   85   81   89   87   84   91   89   85   87   58   56   55   49   59   57   54   62   56   64   62   60   65   65   63   38   37   40   40   40   42   42   45   45   48   48   48   49   50   54    9    5   12   12    4    6    0    4    6    2    5    7    9   11   60   57   60   57   55   54   52   54   52   51   51   51   47   46   49   47   44   33   43   40   45   47   39   42   46   45   42   54   47   37   55   57   60   51   41   38   59   53   60   53 
  56   89   87   84   84   82   80   79   78   81   82   83   82   83   85   85   86   84   56   87   83   80   90   85   91   89   83   92   88   85   93   91   87   95   92   89   90   61   59   58   51   62   60   56   65   58   66   65   62   68   68   65   38   38   40   40   40   42   42   46   45   48   48   48   49   50   54   10    9   12   11    3    2    4    0    2    5    5    5    9    9   64   60   64   60   58   57   55   58   55   55   54   54   51   50   52   50   47   36   46   44   48   50   42   45   49   48   45   57   51   41   58   60   63   55   45   41   62   57   63   56 
  57   91   89   86   86   84   82   81   80   83   84   85   84   85   87   87   88   86   58   89   85   82   92   87   93   91   85   94   90   87   95   93   89   97   94   90   92   63   61   59   52   63   61   57   66   60   68   66   64   69   69   66   39   38   40   40   39   42   42   46   45   48   48   47   49   50   53   11   10   12   12    4    0    6    2    0    7    6    5    9    9   65   61   66   62   60   59   57   59   57   56   56   56   52   51   54   52   49   38   47   45   49   51   43   46   51   50   47   59   53   43   60   62   65   57   46   43   64   58   64   57 
  54   86   84   80   80   78   76   76   75   78   79   80   78   79   81   81   81   80   53   82   79   76   86   80   86   84   79   87   84   80   88   86   83   90   88   84   86   57   55   54   47   58   56   52   61   54   62   61   58   64   64   61   36   35   38   38   38   40   40   43   43   46   46   46   47   48   52   11    4   14   14    5    7    2    5    7    0    3    6    7   10   62   58   61   58   56   55   53   56   53   52   52   52   49   47   50   48   45   34   44   42   46   48   40   43   48   46   44   54   48   38   56   58   61   52   42   39   60   54   61   55 
  57   88   86   83   82   81   79   78   77   80   81   82   80   81   83   84   83   81   56   84   80   77   87   81   87   86   80   89   85   81   89   87   84   91   89   85   87   57   55   54   47   58   56   52   61   54   62   61   58   63   63   61   34   34   36   35   36   38   38   41   41   44   44   44   45   46   50   14    5   15   16    7    6    5    5    6    3    0    3    5    7   65   61   64   60   59   58   56   59   56   55   55   55   51   50   53   50   48   37   47   45   49   51   43   46   51   49   47   57   50   41   59   61   63   55   44   42   63   56   64   58 
  59   91   89   86   85   84   82   81   80   83   84   85   83   84   86   87   86   84   59   87   83   80   90   84   90   88   83   91   88   84   92   90   87   94   91   88   90   60   57   56   49   60   58   54   63   56   64   63   60   66   65   63   34   34   36   36   36   38   38   42   40   44   44   44   45   46   50   14    8   16   16    7    5    7    5    5    6    3    0    5    5   67   63   67   63   61   60   58   61   58   57   57   57   54   53   55   53   50   39   49   47   51   53   45   48   53   51   49   60   53   43   61   63   66   57   47   44   65   59   66   59 
  61   90   88   85   84   83   81   80   78   82   83   84   81   83   85   85   83   81   59   83   80   77   87   81   87   85   80   88   84   80   89   87   83   91   88   84   86   56   53   52   44   56   54   49   59   51   60   58   56   61   61   58   30   30   32   32   32   34   33   38   37   40   40   40   40   42   46   18    8   20   20   10    9    9    9    9    7    5    5    0    4   68   64   67   64   62   61   59   62   59   58   58   58   55   53   56   54   51   40   50   48   52   54   47   49   54   53   50   60   53   44   62   64   66   57   47   45   66   59   68   61 
  63   94   92   89   88   87   84   84   82   86   87   88   85   87   89   89   87   85   62   87   83   81   91   85   91   89   83   92   88   84   93   91   87   95   92   88   90   59   57   55   47   59   57   52   62   54   63   61   58   64   63   61   31   30   33   32   32   35   34   39   37   40   40   40   41   43   46   19   11   20   20   11    9   11    9    9   10    7    5    4    0   71   67   70   67   65   65   62   65   62   61   61   61   58   57   59   57   54   43   53   51   55   57   49   52   57   56   53   63   57   47   65   67   70   61   51   48   69   63   71   64 
  10   38   36   37   38   35   35   36   45   38   38   40   48   43   44   42   70   69   15   73   71   70   76   73   77   76   74   79   78   83   81   80   79   83   83   80   82   77   77   77   78   80   80   81   83   84   85   85   85   87   90   91   86   88   88   91   93   90   93   91   96   96   97  100   99   97  105   56   61   56   58   62   65   60   64   65   62   65   67   68   71    0    5   10    7    7    7    9    8   10   12   12   10   14   15   12   15   19   29   19   20   17   15   23   20   16   17   20   19   24   25    6    6    9   16   23   23    7   15    8   16 
   5   42   40   41   42   40   39   40   48   42   42   44   51   47   48   46   72   71   15   75   73   72   78   75   79   78   75   81   80   84   83   82   81   85   85   82   84   77   77   77   77   80   80   80   83   83   85   85   85   87   90   90   84   85   86   88   90   87   90   89   94   94   94   97   96   94  102   51   57   52   54   58   61   57   60   61   58   61   63   64   67    5    0   13    9    7    4    6    3    8   12   10    9   11   13    8   12   16   25   15   17   13   10   19   16   11   13   16   20   24   23    3    7   13   16   21   20   10   16    5   12 
  17   30   28   29   29   27   26   27   35   29   29   31   38   34   35   33   61   60    9   63   62   61   66   64   67   66   64   70   69   74   72   71   70   74   74   71   73   69   70   70   72   73   73   75   75   78   77   78   79   79   83   84   83   84   85   87   90   86   89   86   93   92   93   96   95   92  101   57   60   58   60   62   66   60   64   66   61   64   67   67   70   10   13    0    6    9   11   13   14   10   10   11   11   15   15   16   16   17   28   21   22   19   19   26   23   21   22   25   11   17   24   12    7    1   10   20   24    4    9   17   24 
  13   35   33   34   34   32   31   32   39   34   34   35   42   38   39   38   64   63    8   66   65   63   69   67   70   69   67   73   71   76   75   74   72   77   77   74   76   70   70   70   71   73   73   74   76   77   78   78   79   80   83   84   80   82   83   85   87   84   87   85   91   90   91   94   93   91   99   52   56   54   56   58   62   57   60   62   58   60   63   64   67    7    9    6    0    4    6    8   10    6    6    6    7   10   11   11   11   13   24   16   17   15   14   21   19   16   17   20   12   17   20    7    3    5    9   18   19    3    8   13   20 
  10   39   37   37   37   35   34   35   42   37   37   39   45   41   42   41   66   65    9   68   67   65   72   69   73   72   69   75   73   78   77   76   74   79   79   76   78   71   71   71   72   74   74   75   77   78   79   79   79   81   84   84   80   81   82   84   86   83   86   84   90   89   90   93   92   90   98   50   55   51   53   56   60   55   58   60   56   59   61   62   65    7    7    9    4    0    3    5    7    3    6    5    4    8    9    7    9   12   23   13   15   12   10   18   16   13   14   16   13   17   19    4    3    8   10   17   17    5   10   12   17 
   7   41   39   39   40   38   36   37   45   40   40   41   48   44   45   44   69   68   11   71   69   68   74   72   75   74   72   78   76   81   80   79   77   82   81   78   81   73   73   73   73   76   76   76   79   79   81   81   81   83   86   86   80   82   82   85   87   84   87   85   90   90   91   93   93   91   99   49   54   50   52   55   59   54   57   59   55   58   60   61   65    7    4   11    6    3    0    3    4    4    8    6    5    8    9    6    8   13   22   12   14   10    9   17   14   10   12   15   16   20   19    1    5   10   12   18   17    8   13    9   14 
   6   43   41   41   41   39   38   39   46   41   41   43   49   45   46   45   69   68   11   71   69   68   75   72   75   74   72   78   76   80   80   79   77   82   81   78   81   72   72   72   72   75   75   75   77   78   79   80   80   81   85   85   78   80   81   83   85   82   85   83   88   88   89   92   91   89   97   47   52   48   50   53   57   52   55   57   53   56   58   59   62    9    6   13    8    5    3    0    4    4    7    6    4    6    8    4    6   11   20   10   12    8    7   14   12    9    9   13   16   19   17    3    6   12   12   16   15   10   13   11   13 
   4   44   42   43   43   41   40   41   49   43   43   45   51   48   49   47   72   71   15   75   73   72   78   75   79   78   75   82   80   84   83   82   81   85   85   82   84   76   76   76   76   79   79   79   81   82   83   84   84   85   89   89   82   83   84   86   88   85   88   87   92   92   93   95   94   93  100   49   55   50   51   55   59   54   58   59   56   59   61   62   65    8    3   14   10    7    4    4    0    8   11   10    8   10   12    6   10   15   24   13   15   10    8   16   14    9   10   13   20   23   21    3    8   14   15   20   18   11   16    7   10 
  10   40   38   38   38   36   35   35   42   38   38   39   45   42   43   42   65   64    8   68   66   64   71   68   72   71   68   74   73   77   76   75   73   78   78   75   77   69   69   69   69   72   72   73   75   75   77   77   77   79   82   82   77   78   79   81   84   80   83   81   87   86   87   90   89   87   95   48   52   49   50   53   57   52   55   57   53   56   58   59   62   10    8   10    6    3    4    4    8    0    4    2    1    5    6    6    6    9   20   11   12    9    9   16   13   11   12   15   13   16   16    5    5    9    8   14   14    8    9   13   17 
  13   39   37   36   36   34   32   33   40   35   36   37   43   39   41   39   62   61    5   65   63   61   68   65   69   68   65   71   69   74   73   72   70   75   75   72   74   66   66   66   66   69   69   70   72   73   74   74   74   76   79   79   75   77   77   79   82   78   82   79   85   84   85   88   87   85   93   47   51   49   50   53   56   51   55   56   52   55   57   58   61   12   12   10    6    6    8    7   11    4    0    2    4    6    6    8    7    8   19   12   13   11   11   17   15   14   14   16   10   13   15    9    7    9    5   12   14    8    6   17   20 
  12   40   38   37   37   35   34   35   41   37   37   39   44   41   42   41   63   62    6   66   64   63   69   66   70   69   66   73   71   75   74   73   72   76   76   73   75   67   67   67   67   70   70   71   73   73   75   75   75   77   80   80   75   77   77   80   82   79   82   80   85   85   86   88   88   85   93   47   50   48   50   52   56   51   54   56   52   55   57   58   61   12   10   11    6    5    6    6   10    2    2    0    3    4    5    7    5    8   19   10   12   10    9   15   14   12   13   15   11   14   15    7    7   10    6   12   13    9    8   15   19 
   9   41   39   39   39   37   35   36   43   39   39   40   46   43   44   43   66   65    8   68   66   65   72   68   72   71   68   75   73   77   77   76   74   79   78   75   77   68   69   69   69   72   72   72   75   75   77   77   77   79   82   82   76   78   79   81   83   80   83   81   86   86   87   90   89   87   95   47   51   48   50   52   56   51   54   56   52   55   57   58   61   10    9   11    7    4    5    4    8    1    4    3    0    4    5    5    5    9   19   10   11    8    8   15   12   10   11   14   13   16   15    6    6   10    9   13   14    9   10   14   16 
  11   44   42   41   41   39   37   38   44   40   41   42   47   44   46   45   66   65    9   68   66   65   72   68   72   71   68   75   73   76   77   75   73   78   78   75   77   67   66   67   66   70   70   70   73   73   75   74   75   77   80   80   73   75   75   77   80   77   80   78   83   83   84   86   86   84   91   43   47   44   46   49   52   47   51   52   49   51   54   55   58   14   11   15   10    8    8    6   10    5    6    4    4    0    2    5    1    6   15    6    8    6    6   11   10    9    9   11   14   15   12    9   10   14    9   11   10   12   11   16   17 
  13   44   42   41   41   39   37   37   43   40   40   42   46   43   45   44   64   63    9   67   64   63   70   67   71   70   66   73   71   74   75   74   72   77   76   73   75   65   64   65   64   68   68   68   71   71   73   72   73   75   78   78   71   73   74   76   78   75   78   76   81   81   82   85   84   82   90   42   46   44   45   48   51   46   50   51   47   50   53   53   57   15   13   15   11    9    9    8   12    6    6    5    5    2    0    7    3    4   14    7    7    7    8   12   10   10   10   12   13   13   10   10   11   14    8    9    9   13   10   18   19 
   6   45   43   43   44   41   40   41   47   43   43   45   50   47   48   47   70   68   13   72   70   68   75   72   76   75   72   79   77   80   80   79   77   82   82   79   81   71   71   71   70   74   74   74   77   77   79   79   79   81   84   84   76   78   78   80   82   80   82   81   86   86   87   89   89   87   94   44   49   45   47   50   54   49   52   54   50   53   55   56   59   12    8   16   11    7    6    4    6    6    8    7    5    5    7    0    4    9   18    7    9    5    3   11    9    6    7    9   17   19   15    6   10   15   13   15   12   12   14   13   13 
  10   45   43   42   42   40   38   39   45   41   42   43   48   45   47   45   66   65   10   69   67   65   72   69   73   72   69   75   73   77   77   76   74   79   79   75   78   67   67   67   66   70   70   70   73   73   75   75   75   77   80   80   73   74   75   77   79   76   79   77   83   82   83   86   85   83   91   42   47   43   45   48   52   47   50   52   48   50   53   54   57   15   12   16   11    9    8    6   10    6    7    5    5    1    3    4    0    5   15    5    7    5    5   10    9    8    8   10   15   15   12    9   11   15   10   11    9   13   12   16   16 
  15   44   42   41   41   39   37   38   42   40   41   42   45   43   45   44   62   61   10   65   62   61   68   65   69   68   64   71   69   72   73   72   70   75   74   71   73   62   62   62   61   65   65   65   68   68   70   70   70   72   75   75   68   70   70   73   75   72   75   73   78   78   79   81   81   79   87   40   44   42   44   46   49   44   47   49   45   48   50   51   54   19   16   17   13   12   13   11   15    9    8    8    9    6    4    9    5    0   12    8    7    9   10   12   11   13   12   13   13   11    8   13   14   16    8    6    7   15   10   21   21 
  23   55   53   51   51   49   47   47   49   49   50   51   52   51   53   53   66   64   20   68   65   63   71   67   72   71   66   74   71   73   75   74   71   78   76   73   75   58   58   57   55   61   60   60   64   63   66   65   65   68   70   70   59   60   61   63   65   63   65   64   69   69   70   72   72   70   77   29   33   31   33   35   38   33   36   38   34   37   39   40   43   29   25   28   24   23   22   20   24   20   19   19   19   15   14   18   15   12    0   12    9   14   16   10   13   17   16   15   23   18    5   23   25   27   19    9    6   27   21   30   26 
  12   50   48   47   47   45   43   44   49   46   47   48   52   50   51   50   69   68   15   72   69   68   75   72   76   75   71   78   76   79   80   79   77   82   81   78   80   67   67   67   66   70   70   70   73   73   75   75   75   77   80   79   70   72   73   74   76   74   77   76   80   80   81   83   83   81   89   38   43   39   40   44   47   43   46   47   44   47   49   50   53   19   15   21   16   13   12   10   13   11   12   10   10    6    7    7    5    8   12    0    3    3    5    5    4    6    6    6   19   18   10   13   15   20   14   11    6   18   16   19   15 
  14   51   49   47   48   45   44   44   49   46   47   48   52   50   51   50   69   67   16   71   68   67   74   70   75   74   70   77   75   77   79   78   75   81   80   77   79   65   65   65   64   68   68   68   71   71   73   73   73   75   78   78   68   69   70   72   74   72   74   73   78   78   79   81   81   79   86   36   41   37   39   42   45   40   44   45   42   45   47   48   51   20   17   22   17   15   14   12   15   12   13   12   11    8    7    9    7    7    9    3    0    5    7    5    5    9    7    7   19   18    9   15   17   21   15   10    4   19   17   21   18 
   9   49   47   46   47   44   43   44   49   46   46   48   52   50   51   50   70   69   15   73   70   69   76   73   77   76   72   79   77   80   81   80   78   83   82   79   81   69   69   69   68   72   72   72   75   75   77   77   77   79   82   82   73   74   75   77   79   76   79   78   82   82   83   85   85   84   91   39   45   40   42   46   49   45   48   49   46   49   51   52   55   17   13   19   15   12   10    8   10    9   11   10    8    6    7    5    5    9   14    3    5    0    3    7    4    5    4    6   19   19   13   11   14   18   14   13    8   17   16   16   14 
   7   48   46   46   46   44   43   43   50   46   46   48   53   50   51   50   71   70   15   74   72   70   77   74   78   77   74   80   78   82   82   81   79   84   84   80   82   71   71   71   70   74   74   74   77   77   79   79   78   81   84   84   75   76   77   79   81   78   81   80   85   85   85   88   87   86   93   41   47   42   44   48   51   47   50   51   48   51   53   54   57   15   10   19   14   10    9    7    8    9   11    9    8    6    8    3    5   10   16    5    7    3    0    9    6    3    4    6   20   20   15    9   13   18   15   15   10   15   16   14   12 
  15   55   53   52   52   50   48   49   53   51   51   53   56   54   56   55   73   71   20   75   72   70   78   75   79   78   74   81   79   81   83   82   79   85   84   81   83   68   67   67   65   71   70   70   74   73   76   75   75   78   80   80   68   69   71   72   74   72   74   74   78   78   79   81   81   80   87   33   40   34   36   40   43   39   42   43   40   43   45   47   49   23   19   26   21   18   17   14   16   16   17   15   15   11   12   11   10   12   10    5    5    7    9    0    3    8    7    5   24   22   12   17   20   25   19   14    6   23   21   22   16 
  12   53   51   50   50   48   47   47   53   50   50   51   56   53   55   54   73   72   19   75   73   71   79   75   79   78   75   82   79   82   83   82   80   85   85   81   83   70   69   69   68   72   72   72   75   75   77   77   77   79   82   82   71   72   73   75   77   75   77   76   81   81   82   84   83   82   89   36   42   37   39   43   46   42   45   46   43   46   48   49   52   20   16   23   19   16   14   12   14   13   15   14   12   10   10    9    9   11   13    4    5    4    6    3    0    5    4    3   23   22   13   14   18   22   18   14    8   21   20   19   14 
   7   51   49   49   49   47   45   46   53   48   49   50   55   52   54   52   74   73   18   77   74   73   80   77   81   80   76   83   81   84   85   84   82   87   86   83   85   73   73   73   72   76   76   76   79   79   81   81   81   83   86   85   76   77   78   80   82   79   82   81   85   86   87   89   88   87   94   41   47   41   43   47   51   46   49   51   48   51   53   54   57   16   11   21   16   13   10    9    9   11   14   12   10    9   10    6    8   13   17    6    9    5    3    8    5    0    2    5   23   23   16   11   15   20   18   17   12   18   19   14    9 
   8   51   50   49   50   47   46   47   53   49   49   51   56   53   54   53   74   73   18   76   74   72   80   76   80   79   76   83   81   84   85   83   81   87   86   83   85   72   72   72   71   75   75   75   78   78   80   80   80   82   85   85   74   76   77   78   80   78   81   80   84   84   85   87   87   86   93   39   46   40   42   46   50   45   48   50   46   49   51   53   56   17   13   22   17   14   12    9   10   12   14   13   11    9   10    7    8   12   16    6    7    4    4    7    4    2    0    4   23   23   16   12   15   21   18   16   11   19   19   15   11 
  11   54   52   52   52   50   48   49   55   51   52   53   58   55   56   55   75   74   20   77   75   73   81   77   82   80   77   84   82   84   85   84   82   88   87   83   86   72   71   71   70   74   74   74   77   77   79   79   79   81   84   84   72   74   75   76   78   76   78   78   82   82   83   85   85   84   91   36   43   37   39   43   47   42   45   47   44   47   49   50   53   20   16   25   20   16   15   13   13   15   16   15   14   11   12    9   10   13   15    6    7    6    6    5    3    5    4    0   25   24   15   15   19   24   20   17   10   21   22   18   12 
  22   33   31   29   29   27   25   25   30   27   28   29   34   31   32   32   53   52    5   56   54   52   59   56   60   59   56   62   60   65   64   63   61   66   66   63   65   59   60   60   62   62   63   64   65   67   67   67   68   69   73   74   73   75   75   78   80   76   80   77   83   82   83   86   85   82   91   51   52   53   55   56   59   54   57   59   54   57   60   60   63   19   20   11   12   13   16   16   20   13   10   11   13   14   13   17   15   13   23   19   19   19   20   24   23   23   23   25    0    8   18   17   14   11    5   14   20   12    4   25   29 
  25   38   36   34   34   32   30   30   32   32   33   34   35   34   36   36   52   50   10   54   52   50   58   54   58   57   54   61   58   62   62   61   59   64   64   61   63   54   54   54   55   57   57   58   60   61   62   62   62   64   67   68   66   68   68   71   73   69   73   70   76   75   76   79   78   75   84   46   46   48   50   50   53   47   51   53   48   50   53   53   57   24   24   17   17   17   20   19   23   16   13   14   16   15   13   19   15   11   18   18   18   19   20   22   22   23   23   24    8    0   13   21   19   17    9    9   17   18    9   29   31 
  21   50   48   46   46   44   42   42   45   44   45   46   48   47   48   48   62   61   16   64   61   60   68   64   68   67   63   71   68   70   72   71   68   74   73   70   72   57   57   57   56   60   60   60   63   63   65   65   65   67   70   69   61   63   64   66   68   65   68   66   72   71   72   75   74   72   80   34   37   36   38   39   43   37   41   43   38   41   43   44   47   25   23   24   20   19   19   17   21   16   15   15   15   12   10   15   12    8    5   10    9   13   15   12   13   16   16   15   18   13    0   20   21   23   14    4    6   23   16   27   25 
   6   41   39   40   40   38   37   38   46   40   40   42   49   45   46   44   69   68   12   72   70   69   75   73   76   75   73   79   77   81   81   80   78   82   82   79   82   74   74   74   74   77   77   77   80   80   82   82   82   84   87   87   81   83   83   85   88   85   88   86   91   91   92   94   94   92   99   50   55   51   52   56   60   55   58   60   56   59   61   62   65    6    3   12    7    4    1    3    3    5    9    7    6    9   10    6    9   13   23   13   15   11    9   17   14   11   12   15   17   21   20    0    5   11   13   19   17    8   13    8   13 
  11   37   35   35   36   34   32   34   42   36   36   37   44   40   41   40   66   65    9   68   67   66   72   69   73   72   69   75   74   78   77   76   75   79   79   76   78   72   72   72   73   75   75   76   78   79   80   80   80   82   85   86   81   83   84   86   88   85   88   86   92   91   92   95   94   92  100   52   57   53   55   58   62   57   60   62   58   61   63   64   67    6    7    7    3    3    5    6    8    5    7    7    6   10   11   10   11   14   25   15   17   14   13   20   18   15   15   19   14   19   21    5    0    6   11   19   19    4   11   11   18 
  17   31   29   30   30   28   27   28   36   30   30   32   39   35   35   34   61   60    8   64   62   61   67   64   68   67   65   70   69   74   72   71   70   74   74   71   74   69   70   70   72   73   73   75   75   77   77   78   78   79   83   84   82   84   84   87   89   85   89   86   92   91   92   95   94   92  100   56   59   57   59   61   65   60   63   65   61   63   66   66   70    9   13    1    5    8   10   12   14    9    9   10   10   14   14   15   15   16   27   20   21   18   18   25   22   20   21   24   11   17   23   11    6    0   10   20   23    3    9   16   24 
  17   36   34   33   33   31   29   30   35   32   33   34   39   36   37   36   58   57    2   60   58   57   63   60   64   63   60   67   65   69   69   68   66   70   70   67   69   62   62   62   63   65   65   66   68   69   70   70   70   72   75   76   73   75   75   77   80   76   80   77   83   82   83   86   85   83   91   48   50   50   51   53   57   51   55   57   52   55   57   57   61   16   16   10    9   10   12   12   15    8    5    6    9    9    8   13   10    8   19   14   15   14   15   19   18   18   18   20    5    9   14   13   11   10    0   11   15   10    2   21   24 
  21   46   44   42   42   40   38   38   41   40   41   42   44   43   44   44   59   58   12   61   59   57   65   61   66   64   61   68   65   68   70   68   66   72   71   67   70   57   57   56   56   60   59   60   63   63   65   65   65   67   69   70   63   65   66   68   70   67   70   68   74   73   74   77   76   74   82   38   40   40   42   43   46   41   45   46   42   44   47   47   51   23   21   20   18   17   18   16   20   14   12   12   13   11    9   15   11    6    9   11   10   13   15   14   14   17   16   17   14    9    4   19   19   20   11    0    8   20   13   26   26 
  17   51   49   48   48   46   44   44   48   47   47   49   51   50   51   51   67   66   17   69   67   65   73   69   73   72   68   76   73   75   77   76   74   79   78   75   77   62   62   62   61   65   65   64   68   67   70   70   70   72   75   75   65   66   67   69   71   69   71   70   75   75   76   78   77   76   83   34   38   35   37   39   43   38   41   43   39   42   44   45   48   23   20   24   19   17   17   15   18   14   14   13   14   10    9   12    9    7    6    6    4    8   10    6    8   12   11   10   20   17    6   17   19   23   15    8    0   22   17   24   21 
  14   34   32   32   33   31   29   30   39   33   33   34   42   37   38   37   64   63    9   66   65   64   69   67   70   69   67   73   71   77   75   74   73   77   77   74   76   71   71   72   73   74   75   76   77   79   79   79   80   81   85   85   82   84   85   87   89   86   89   87   93   92   93   96   95   92  101   55   59   56   58   60   64   59   62   64   60   63   65   66   69    7   10    4    3    5    8   10   11    8    8    9    9   12   13   12   13   15   27   18   19   17   15   23   21   18   19   21   12   18   23    8    4    3   10   20   22    0   10   14   21 
  19   34   32   31   31   29   27   28   34   30   31   32   37   34   35   34   57   56    2   59   57   56   62   60   63   62   60   66   64   69   68   67   65   69   69   66   69   62   62   62   64   65   65   67   68   70   70   70   71   72   75   76   74   76   76   79   81   77   81   78   84   83   84   87   86   84   92   50   52   51   53   55   58   53   57   58   54   56   59   59   63   15   16    9    8   10   13   13   16    9    6    8   10   11   10   14   12   10   21   16   17   16   16   21   20   19   19   22    4    9   16   13   11    9    2   13   17   10    0   21   25 
   8   44   43   44   45   43   42   43   52   45   45   47   55   50   51   49   77   76   20   79   78   76   82   80   83   82   80   86   84   89   88   87   85   89   90   87   89   82   82   82   82   85   85   85   88   88   90   90   90   92   95   95   88   90   90   92   94   92   95   93   98   98   99  101  101   99  107   54   61   55   56   61   64   60   63   64   61   64   66   68   71    8    5   17   13   12    9   11    7   13   17   15   14   16   18   13   16   21   30   19   21   16   14   22   19   14   15   18   25   29   27    8   11   16   21   26   24   14   21    0   10 
   8   53   52   52   53   51   50   51   58   53   53   55   61   58   59   57   81   80   24   84   82   81   87   84   88   87   84   91   89   92   92   91   90   94   94   91   93   82   82   82   81   85   85   85   88   88   90   90   90   92   95   94   84   85   86   88   89   88   90   90   94   94   95   97   97   95  102   46   55   47   48   54   57   53   56   57   55   58   59   61   64   16   12   24   20   17   14   13   10   17   20   19   16   17   19   13   16   21   26   15   18   14   12   16   14    9   11   12   29   31   25   13   18   24   24   26   21   21   25   10    0 
