43
6
100
5
202

   8   24    9   19    9   18    9   14    3   14    8    8   13   18    4   24   14    8   18   13    2    9   18    3   24    8   24   14   13   24   23    9   13   14   14   18   24    4    8   13    4   14   18 

  10   77   64   54    4   61   73   33   50   37   26   80   12   60   47   65   59   60   60   69    9   50   21   22   73   58   42   43   55   27   39   74   80   63   11   13    5   54   55   56   28   75   58 

   0   89   22   34   21   54   33   31   15   41   59   65   35   68   42   23   89   30  100   30   81   70   31   57   43   40   50   35   27   51   61   10   79   46   30   90   37   74   45   38   57   32   85   60 
  89    0   75   56   73   98   57  111   92   62   66   62   56   72   76   90   44   62   15   82   27   91   64   34   85   50   58   92   96   41   32   88   94   78   68    1   64   79   65   57   33   75   80   41 
  22   75    0   25   27   69   21   52   34   20   63   67   30   47   22   40   85   27   88   42   73   80   13   48   55   27   52   51   46   35   53   28   89   55   34   76   16   81   24   36   43   12   91   41 
  34   56   25    0   20   58    5   58   38   26   42   46    7   56   39   39   61   10   66   34   50   64   16   25   44    8   31   45   45   22   29   33   72   40   19   57   24   62   33   15   24   31   70   33 
  21   73   27   20    0   43   22   39   19   39   39   44   17   70   48   20   68   12   82   17   61   54   27   40   29   27   30   27   26   41   43   16   63   29   10   74   36   56   45   18   43   38   66   51 
  54   98   69   58   43    0   62   40   39   82   35   41   53  112   90   31   72   49  102   27   76   22   70   66   15   65   40   19   28   78   67   44   31   20   39   99   78   35   88   47   76   80   46   90 
  33   57   21    5   22   62    0   58   39   22   47   50   11   52   35   41   65   13   68   37   53   68   12   27   47    8   35   47   47   20   32   33   76   44   23   58   19   66   28   19   25   27   74   31 
  31  111   52   58   39   40   58    0   20   71   63   70   56   98   72   22  100   50  120   32   97   62   60   78   38   65   60   26   18   78   80   26   71   45   44  112   67   72   75   55   81   62   83   88 
  15   92   34   38   19   39   39   20    0   52   50   57   36   81   56    9   84   31  101   19   79   57   41   59   30   45   44   21   13   58   62    7   66   35   26   93   48   63   57   36   61   46   75   68 
  41   62   20   26   39   82   22   71   52    0   68   71   33   31   15   57   81   34   76   56   67   90   13   42   67   23   56   65   62   22   47   46   97   65   43   63    4   87    7   40   32   14   95   24 
  59   66   63   42   39   35   47   63   50   68    0    8   36   97   81   43   39   36   68   32   42   26   58   38   26   46   13   37   46   56   37   51   32   18   30   67   66   20   74   28   51   72   28   67 
  65   62   67   46   44   41   50   70   57   71    8    0   39   99   84   50   32   41   63   39   37   30   61   37   33   48   16   44   53   57   35   57   33   25   36   63   69   19   77   32   50   76   25   68 
  35   56   30    7   17   53   11   56   36   33   36   39    0   62   45   36   56    6   66   29   47   58   22   23   38   12   24   40   42   26   27   33   66   34   15   57   30   55   39    8   26   37   64   37 
  68   72   47   56   70  112   52   98   81   31   97   99   62    0   27   86  103   64   87   86   86  120   43   65   98   51   85   96   92   43   69   75  127   95   74   73   34  116   25   70   52   36  123   35 
  42   76   22   39   48   90   35   72   56   15   81   84   45   27    0   62   96   45   90   64   82  101   23   57   76   38   69   73   68   37   62   50  109   76   54   76   16  100   11   53   47   11  108   36 
  23   90   40   39   20   31   41   22    9   57   43   50   36   86   62    0   79   30   98   12   76   49   45   57   22   46   39   12    6   60   59   14   58   27   23   91   53   56   62   34   62   52   67   71 
  89   44   85   61   68   72   65  100   84   81   39   32   56  103   96   79    0   60   39   68   18   57   76   40   64   60   40   75   83   61   35   83   57   56   60   45   81   43   87   52   52   91   40   69 
  30   62   27   10   12   49   13   50   31   34   36   41    6   64   45   30   60    0   71   25   52   56   23   29   35   17   25   36   36   31   32   27   64   32   10   63   31   55   40    9   32   36   64   42 
 100   15   88   66   82  102   68  120  101   76   68   63   66   87   90   98   39   71    0   89   27   92   76   43   90   61   63   98  103   54   40   97   94   83   76   14   77   78   79   65   45   88   77   55 
  30   82   42   34   17   27   37   32   19   56   32   39   29   86   64   12   68   25   89    0   65   40   43   48   14   41   28   11   15   55   50   21   50   17   16   83   52   46   61   25   55   54   56   66 
  81   27   73   50   61   76   53   97   79   67   42   37   47   86   82   76   18   52   27   65    0   66   63   26   65   47   38   74   80   46   21   77   68   57   54   28   67   53   72   44   36   77   53   52 
  70   91   80   64   54   22   68   62   57   90   26   30   58  120  101   49   57   56   92   40   66    0   78   64   28   69   37   38   48   81   63   61   10   26   47   92   87   16   96   50   76   91   25   92 
  31   64   13   16   27   70   12   60   41   13   58   61   22   43   23   45   76   23   76   43   63   78    0   37   55   17   46   53   51   23   42   34   86   54   32   64    9   77   19   30   31   16   85   30 
  57   34   48   25   40   66   27   78   59   42   38   37   23   65   57   57   40   29   43   48   26   64   37    0   53   21   28   59   62   22    5   55   69   46   34   35   41   56   47   24   14   52   61   32 
  43   85   55   44   29   15   47   38   30   67   26   33   38   98   76   22   64   35   90   14   65   28   55   53    0   50   27   12   22   63   53   33   37    8   25   86   64   35   73   32   62   66   46   75 
  40   50   27    8   27   65    8   65   45   23   46   48   12   51   38   46   60   17   61   41   47   69   17   21   50    0   34   52   52   14   26   40   76   46   26   51   22   65   30   19   18   31   73   26 
  50   58   52   31   30   40   35   60   44   56   13   16   24   85   69   39   40   25   63   28   38   37   46   28   27   34    0   36   43   44   27   44   44   20   21   59   54   32   62   17   39   61   40   56 
  35   92   51   45   27   19   47   26   21   65   37   44   40   96   73   12   75   36   98   11   74   38   53   59   12   52   36    0   10   66   60   25   47   19   27   93   62   46   71   36   66   62   58   77 
  27   96   46   45   26   28   47   18   13   62   46   53   42   92   68    6   83   36  103   15   80   48   51   62   22   52   43   10    0   66   65   19   57   28   29   97   58   56   68   39   67   57   67   77 
  51   41   35   22   41   78   20   78   58   22   56   57   26   43   37   60   61   31   54   55   46   81   23   22   63   14   44   66   66    0   27   53   87   59   40   42   23   75   27   32   10   35   81   12 
  61   32   53   29   43   67   32   80   62   47   37   35   27   69   62   59   35   32   40   50   21   63   42    5   53   26   27   60   65   27    0   58   67   47   37   33   46   53   52   26   18   57   58   36 
  10   88   28   33   16   44   33   26    7   46   51   57   33   75   50   14   83   27   97   21   77   61   34   55   33   40   44   25   19   53   58    0   70   37   24   89   42   66   51   33   57   39   77   63 
  79   94   89   72   63   31   76   71   66   97   32   33   66  127  109   58   57   64   94   50   68   10   86   69   37   76   44   47   57   87   67   70    0   34   56   95   95   16  104   58   82  100   20   99 
  46   78   55   40   29   20   44   45   35   65   18   25   34   95   76   27   56   32   83   17   57   26   54   46    8   46   20   19   28   59   47   37   34    0   22   79   62   30   71   27   56   66   41   71 
  30   68   34   19   10   39   23   44   26   43   30   36   15   74   54   23   60   10   76   16   54   47   32   34   25   26   21   27   29   40   37   24   56   22    0   68   40   48   50   11   40   44   58   51 
  90    1   76   57   74   99   58  112   93   63   67   63   57   73   76   91   45   63   14   83   28   92   64   35   86   51   59   93   97   42   33   89   95   79   68    0   65   80   66   58   34   76   81   41 
  37   64   16   24   36   78   19   67   48    4   66   69   30   34   16   53   81   31   77   52   67   87    9   41   64   22   54   62   58   23   46   42   95   62   40   65    0   85   10   38   33   12   93   27 
  74   79   81   62   56   35   66   72   63   87   20   19   55  116  100   56   43   55   78   46   53   16   77   56   35   65   32   46   56   75   53   66   16   30   48   80   85    0   94   47   69   91   12   86 
  45   65   24   33   45   88   28   75   57    7   74   77   39   25   11   62   87   40   79   61   72   96   19   47   73   30   62   71   68   27   52   51  104   71   50   66   10   94    0   47   37   14  102   26 
  38   57   36   15   18   47   19   55   36   40   28   32    8   70   53   34   52    9   65   25   44   50   30   24   32   19   17   36   39   32   26   33   58   27   11   58   38   47   47    0   30   45   56   44 
  57   33   43   24   43   76   25   81   61   32   51   50   26   52   47   62   52   32   45   55   36   76   31   14   62   18   39   66   67   10   18   57   82   56   40   34   33   69   37   30    0   44   74   18 
  32   75   12   31   38   80   27   62   46   14   72   76   37   36   11   52   91   36   88   54   77   91   16   52   66   31   61   62   57   35   57   39  100   66   44   76   12   91   14   45   44    0  100   37 
  85   80   91   70   66   46   74   83   75   95   28   25   64  123  108   67   40   64   77   56   53   25   85   61   46   73   40   58   67   81   58   77   20   41   58   81   93   12  102   56   74  100    0   92 
  60   41   41   33   51   90   31   88   68   24   67   68   37   35   36   71   69   42   55   66   52   92   30   32   75   26   56   77   77   12   36   63   99   71   51   41   27   86   26   44   18   37   92    0 
