64
9
100
26
842

  12   24   16    7    9   20   10   18   26   17    2   11    9   12   11   12   23    7    1   26   10    9   22   21   17    2   15   16   14   23   24    2   12   18    5   19   15    8    6   14   13    5   24   25    2    8   14    2   13   10    6    6   24   21   20   24    4   19   14   23    2   16   23   14 

  68   72   30   69   72   74   49   65   50   77    3   62   20   47   40   33   12   50   75   52   79   13   39   56   20   17    8   61    4   47   77   64   33   72   66   19   67   21   76   51   27    8   35   23   50   35   71   68   17   56   44    9   23   80    8    7   54   48   63   64   31   24   44    5 

   0   46   73   53   40   27   29   33   67   48   71   36   52   55   47   33   65   12   39   53   63   40   41   39   66   46   34   35   30   30   47   36   53   42   31   51   53   48   74   18   75   62   71   19   63   39   26   23   46   19   60   11   64   51   38   32   63   46   68   64   49   68   18   36   27 
  46    0   90   90   76   51   69   31   40   93   45   29    8   14   91   77   87   56   17   23   63   27   86   16   33   28   77   79   18   25   76   78   55    4   75   85   88   78   87   47   60   80   79   63   44   58   65   67   29   59   86   51   35   40   33   28   44   20   65   46   76   73   28   29   67 
  73   90    0   45   43   47   93   99   71   82   72  101   92   88   64   67   11   78   73   76   35   63   74   96   79   64   92   61   87   67   31   93   38   87   85   35   38   31    9   90   54   11   19   63   61   35   91   83  109   57   20   82   74   54  105   63   61  104   37   60   26   24   80  101   91 
  53   90   45    0   15   41   60   85   91   39   94   88   96   95   21   29   34   51   77   87   64   71   33   89   96   75   56   23   80   67   21   56   60   86   48   12    8   19   53   67   85   39   57   35   82   40   60   50   98   34   26   57   92   70   90   65   82   96   68   83   25   60   69   88   59 
  40   76   43   15    0   26   52   72   78   40   81   75   81   81   25   25   33   41   63   73   54   57   32   75   82   61   51   19   66   53   13   51   48   72   43   12   13   13   49   56   74   34   51   24   70   27   52   42   85   22   25   46   79   57   78   51   70   83   58   70   18   52   55   75   51 
  27   51   47   41   26    0   52   53   54   56   58   56   56   55   46   37   40   35   37   47   39   31   47   52   57   35   54   35   43   27   26   55   30   47   48   34   37   27   48   44   55   36   45   25   47   13   49   43   64   18   37   37   54   34   59   25   47   60   44   48   26   43   35   56   50 
  29   69   93   60   52   52    0   45   96   34  100   49   77   81   44   31   83   18   67   81   90   69   32   58   94   75    8   37   52   59   63   10   81   66   13   64   63   64   96   24  103   83   95   31   91   63    5   11   59   37   76   20   93   79   49   60   91   62   95   93   67   94   42   49    3 
  33   31   99   85   72   53   45    0   68   75   73    4   38   44   78   63   93   37   39   50   81   47   70   16   63   51   53   67   17   37   77   55   71   29   54   83   85   78   99   22   85   89   93   51   69   64   41   47   15   51   90   31   63   61    6   41   69   18   84   71   78   89   19    4   43 
  67   40   71   91   78   54   96   68    0  109    5   68   37   29  100   90   73   78   31   19   37   27  100   55   10   22  101   89   52   38   72  102   35   41   97   82   86   73   64   77   23   65   54   77   11   52   92   90   69   70   76   76    7   21   72   36   11   60   36   11   69   48   57   68   93 
  48   93   82   39   40   56   34   75  109    0  113   79   99  102   18   19   71   39   85   98   92   83    9   85  110   88   27   22   77   75   52   25   84   89   21   48   45   52   88   53  109   73   90   33  102   63   37   29   89   39   62   44  107   89   79   75  102   90   96  103   57   91   65   79   35 
  71   45   72   94   81   58  100   73    5  113    0   72   41   33  103   94   75   83   35   23   37   32  104   59   13   26  105   93   57   42   74  107   37   45  101   84   89   76   65   81   22   67   55   80   13   55   96   94   73   74   79   80   10   25   76   40   13   65   37   12   72   49   61   72   97 
  36   29  101   88   75   56   49    4   68   79   72    0   35   43   82   67   96   41   38   50   82   47   73   14   61   51   57   71   17   38   80   59   72   28   58   86   88   81  101   26   85   91   95   55   69   67   45   51   11   54   92   35   62   61    4   42   69   14   85   71   81   90   22    0   47 
  52    8   92   96   81   56   77   38   37   99   41   35    0    8   97   83   90   63   20   20   63   29   92   22   28   29   84   85   25   29   80   85   56   11   82   89   93   82   88   54   58   83   80   69   42   61   72   74   33   65   90   58   31   40   39   32   42   25   65   44   80   74   35   35   74 
  55   14   88   95   81   55   81   44   29  102   33   43    8    0   98   85   86   66   18   13   57   26   94   29   20   24   88   86   30   29   78   89   50   16   85   88   91   80   83   59   51   79   74   70   34   59   77   77   41   65   87   62   23   35   46   31   34   33   59   36   77   68   39   43   78 
  47   91   64   21   25   46   44   78  100   18  103   82   97   98    0   16   54   42   80   92   78   76   14   85  102   81   39   12   77   70   37   38   72   87   32   30   27   35   71   58   97   57   74   29   92   50   46   36   92   33   45   48   99   79   83   68   92   92   83   93   41   76   65   82   44 
  33   77   67   29   25   37   31   63   90   19   94   67   83   85   16    0   57   26   68   80   74   65   10   71   92   70   28    7   63   57   37   27   66   73   19   35   33   37   72   43   91   58   73   15   83   45   32   22   77   21   48   33   89   70   68   57   83   77   78   85   41   74   51   67   30 
  65   87   11   34   33   40   83   93   73   71   75   96   90   86   54   57    0   69   70   75   39   61   64   91   80   63   83   51   83   63   21   83   39   84   75   24   27   20   19   82   59    8   26   53   63   30   82   73  104   49    9   73   76   54   99   59   63  100   41   63   17   30   75   96   82 
  12   56   78   51   41   35   18   37   78   39   83   41   63   66   42   26   69    0   50   65   73   51   33   47   77   57   23   31   39   42   50   25   63   52   20   53   53   51   81   17   85   68   79   18   74   47   15   12   51   21   63    7   75   62   42   43   74   53   77   75   53   77   28   41   16 
  39   17   73   77   63   37   67   39   31   85   35   38   20   18   80   68   70   50    0   15   46   10   77   27   27   13   73   68   23   11   61   75   38   15   70   70   73   63   70   47   47   64   62   53   31   42   63   62   42   48   70   47   27   24   42   13   31   35   49   33   60   57   27   38   64 
  53   23   76   87   73   47   81   50   19   98   23   50   20   13   92   80   75   65   15    0   44   17   90   37   13   13   87   80   35   24   69   89   38   23   84   79   83   71   71   60   38   68   62   66   22   49   77   76   50   60   77   61   13   22   53   24   22   43   46   24   67   56   40   50   78 
  63   63   35   64   54   39   90   81   37   92   37   82   63   57   78   74   39   73   46   44    0   36   83   72   45   35   93   70   66   44   44   94   10   61   86   53   58   45   28   79   21   31   18   63   26   29   87   81   87   56   44   73   41   23   85   40   26   80    5   26   40   12   63   82   88 
  40   27   63   71   57   31   69   47   27   83   32   47   29   26   76   65   61   51   10   17   36    0   75   37   27    6   74   64   31   11   53   75   28   25   70   63   67   55   60   51   39   54   52   51   24   33   65   63   51   44   62   49   25   15   51    9   24   44   39   26   52   47   32   47   66 
  41   86   74   33   32   47   32   70  100    9  104   73   92   94   14   10   64   33   77   90   83   75    0   78  102   80   26   14   71   67   45   25   76   82   19   41   38   44   80   48  101   66   82   25   93   55   34   25   84   31   55   39   99   80   74   67   93   85   88   95   49   83   59   73   32 
  39   16   96   89   75   52   58   16   55   85   59   14   22   29   85   71   91   47   27   37   72   37   78    0   48   39   66   73    9   29   77   68   63   15   66   85   87   79   94   35   73   85   87   57   57   61   54   57   15   55   89   41   49   50   18   34   57    9   75   59   78   82   21   14   56 
  66   33   79   96   82   57   94   63   10  110   13   61   28   20  102   92   80   77   27   13   45   27  102   48    0   22  100   91   47   36   77  101   42   34   96   87   91   79   73   73   33   72   63   77   19   57   90   89   61   71   83   74    5   27   65   35   19   53   45   20   74   57   53   61   91 
  46   28   64   75   61   35   75   51   22   88   26   51   29   24   81   70   63   57   13   13   35    6   80   39   22    0   80   70   34   17   57   81   27   26   76   67   70   59   60   56   34   56   51   56   19   37   70   68   54   50   65   55   19   12   55   15   19   47   37   21   55   46   37   51   72 
  34   77   92   56   51   54    8   53  101   27  105   57   84   88   39   28   83   23   73   87   93   74   26   66  100   80    0   34   60   64   63    2   84   73    9   62   61   63   97   32  107   83   96   31   96   65   13   12   67   38   75   27   98   84   57   66   96   70   97   98   66   96   49   57   11 
  35   79   61   23   19   35   37   67   89   22   93   71   85   86   12    7   51   31   68   80   70   64   14   73   91   70   34    0   65   58   32   33   63   75   26   29   27   31   67   47   88   52   69   17   81   42   38   28   81   21   43   37   88   69   72   57   81   81   75   83   36   69   53   71   37 
  30   18   87   80   66   43   52   17   52   77   57   17   25   30   77   63   83   39   23   35   66   31   71    9   47   34   60   65    0   22   68   61   56   15   59   76   78   70   86   29   68   77   79   49   53   53   48   50   22   46   80   34   47   45   21   26   53   18   69   55   69   75   12   17   50 
  30   25   67   67   53   27   59   37   38   75   42   38   29   29   70   57   63   42   11   24   44   11   67   29   36   17   64   58   22    0   52   66   35   21   60   61   64   54   65   40   49   57   58   43   35   34   55   53   43   37   62   39   34   25   42    5   35   38   48   37   51   53   21   38   56 
  47   76   31   21   13   26   63   77   72   52   74   80   80   78   37   37   21   50   61   69   44   53   45   77   77   57   63   32   68   52    0   62   39   72   54   11   15    2   36   63   64   21   38   33   62   20   62   53   89   29   14   54   73   51   83   49   62   85   48   63    5   40   59   80   62 
  36   78   93   56   51   55   10   55  102   25  107   59   85   89   38   27   83   25   75   89   94   75   25   68  101   81    2   33   61   66   62    0   85   75    8   61   60   63   97   33  108   83   97   32   97   66   15   13   69   38   75   28  100   85   59   67   97   72   98   99   67   96   51   59   13 
  53   55   38   60   48   30   81   71   35   84   37   72   56   50   72   66   39   63   38   38   10   28   76   63   42   27   84   63   56   35   39   85    0   52   77   49   54   41   33   69   26   31   25   54   24   22   78   72   77   47   43   64   37   17   76   30   24   71   15   25   36   19   53   72   78 
  42    4   87   86   72   47   66   29   41   89   45   28   11   16   87   73   84   52   15   23   61   25   82   15   34   26   73   75   15   21   72   75   52    0   71   81   84   74   84   43   59   77   76   59   43   54   62   63   29   55   83   47   35   38   32   25   43   21   63   45   72   71   25   28   63 
  31   75   85   48   43   48   13   54   97   21  101   58   82   85   32   19   75   20   70   84   86   70   19   66   96   76    9   26   59   60   54    8   77   71    0   53   52   55   89   32  101   75   89   24   91   58   16    9   69   31   67   25   94   79   59   61   91   71   91   93   59   88   47   58   14 
  51   85   35   12   12   34   64   83   82   48   84   86   89   88   30   35   24   53   70   79   53   63   41   85   87   67   62   29   76   61   11   61   49   81   53    0    5    9   42   67   74   28   46   35   72   31   63   54   95   33   15   58   83   61   89   58   72   93   57   73   14   49   65   86   63 
  53   88   38    8   13   37   63   85   86   45   89   88   93   91   27   33   27   53   73   83   58   67   38   87   91   70   61   27   78   64   15   60   54   84   52    5    0   13   45   68   78   32   50   36   77   35   63   53   98   35   18   59   87   65   90   61   77   95   62   77   18   53   68   88   62 
  48   78   31   19   13   27   64   78   73   52   76   81   82   80   35   37   20   51   63   71   45   55   44   79   79   59   63   31   70   54    2   63   41   74   55    9   13    0   37   64   66   22   39   34   64   22   63   53   90   30   13   55   75   53   84   50   64   87   49   65    6   42   60   81   62 
  74   87    9   53   49   48   96   99   64   88   65  101   88   83   71   72   19   81   70   71   28   60   80   94   73   60   97   67   86   65   36   97   33   84   89   42   45   37    0   91   47   15   11   67   54   36   95   87  108   61   28   84   69   49  104   60   54  102   29   54   32   17   80  101   95 
  18   47   90   67   56   44   24   22   77   53   81   26   54   59   58   43   82   17   47   60   79   51   48   35   73   56   32   47   29   40   63   33   69   43   32   67   68   64   91    0   88   79   87   33   74   56   19   25   37   35   77   10   73   63   27   43   74   39   83   76   66   85   20   26   21 
  75   60   54   85   74   55  103   85   23  109   22   85   58   51   97   91   59   85   47   38   21   39  101   73   33   34  107   88   68   49   64  108   26   59  101   74   78   66   47   88    0   51   37   79   17   47  100   96   87   72   65   85   29   25   89   46   17   80   19   15   60   30   70   85  101 
  62   80   11   39   34   36   83   89   65   73   67   91   83   79   57   58    8   68   64   68   31   54   66   85   72   56   83   52   77   57   21   83   31   77   75   28   32   22   15   79   51    0   19   53   55   25   81   73   99   47   15   71   68   47   94   53   55   94   33   55   17   23   70   91   81 
  71   79   19   57   51   45   95   93   54   90   55   95   80   74   74   73   26   79   62   62   18   52   82   87   63   51   96   69   79   58   38   97   25   76   89   46   50   39   11   87   37   19    0   66   44   32   93   85  101   59   33   81   59   40   98   53   44   95   19   44   34    7   74   95   93 
  19   63   63   35   24   25   31   51   77   33   80   55   69   70   29   15   53   18   53   66   63   51   25   57   77   56   31   17   49   43   33   32   54   59   24   35   36   34   67   33   79   53   66    0   70   35   29   20   65    8   47   23   75   57   57   43   70   65   68   71   37   65   37   55   29 
  63   44   61   82   70   47   91   69   11  102   13   69   42   34   92   83   63   74   31   22   26   24   93   57   19   19   96   81   53   35   62   97   24   43   91   72   77   64   54   74   17   55   44   70    0   43   88   85   71   63   67   72   15   13   73   32    0   63   27    2   59   38   55   69   89 
  39   58   35   40   27   13   63   64   52   63   55   67   61   59   50   45   30   47   42   49   29   33   55   61   57   37   65   42   53   34   20   66   22   54   58   31   35   22   36   56   47   25   32   35   43    0   61   54   74   28   29   49   53   31   70   30   43   70   34   44   19   31   45   67   61 
  26   65   91   60   52   49    5   41   92   37   96   45   72   77   46   32   82   15   63   77   87   65   34   54   90   70   13   38   48   55   62   15   78   62   16   63   63   63   95   19  100   81   93   29   88   61    0   10   55   35   75   16   88   76   45   57   88   58   92   89   66   91   38   45    2 
  23   67   83   50   42   43   11   47   90   29   94   51   74   77   36   22   73   12   62   76   81   63   25   57   89   68   12   28   50   53   53   13   72   63    9   54   53   53   87   25   96   73   85   20   85   54   10    0   61   27   66   17   87   72   51   54   85   63   86   86   57   84   39   51    9 
  46   29  109   98   85   64   59   15   69   89   73   11   33   41   92   77  104   51   42   50   87   51   84   15   61   54   67   81   22   43   89   69   77   29   69   95   98   90  108   37   87   99  101   65   71   74   55   61    0   64  101   45   63   65   11   48   71    9   90   73   90   96   30   11   57 
  19   59   57   34   22   18   37   51   70   39   74   54   65   65   33   21   49   21   48   60   56   44   31   55   71   50   38   21   46   37   29   38   47   55   31   33   35   30   61   35   72   47   59    8   63   28   35   27   64    0   43   26   68   50   57   37   63   63   60   64   32   58   35   54   34 
  60   86   20   26   25   37   76   90   76   62   79   92   90   87   45   48    9   63   70   77   44   62   55   89   83   65   75   43   80   62   14   75   43   83   67   15   18   13   28   77   65   15   33   47   67   29   75   66  101   43    0   68   79   57   95   59   67   97   47   67   12   37   71   92   75 
  11   51   82   57   46   37   20   31   76   44   80   35   58   62   48   33   73    7   47   61   73   49   39   41   74   55   27   37   34   39   54   28   64   47   25   58   59   55   84   10   85   71   81   23   72   49   16   17   45   26   68    0   73   60   36   41   72   46   78   74   57   79   23   35   17 
  64   35   74   92   79   54   93   63    7  107   10   62   31   23   99   89   76   75   27   13   41   25   99   49    5   19   98   88   47   34   73  100   37   35   94   83   87   75   69   73   29   68   59   75   15   53   88   87   63   68   79   73    0   22   66   33   15   55   41   16   71   52   53   62   90 
  51   40   54   70   57   34   79   61   21   89   25   61   40   35   79   70   54   62   24   22   23   15   80   50   27   12   84   69   45   25   51   85   17   38   79   61   65   53   49   63   25   47   40   57   13   31   76   72   65   50   57   60   22    0   65   21   13   58   26   15   49   34   45   61   77 
  38   33  105   90   78   59   49    6   72   79   76    4   39   46   83   68   99   42   42   53   85   51   74   18   65   55   57   72   21   42   83   59   76   32   59   89   90   84  104   27   89   94   98   57   73   70   45   51   11   57   95   36   66   65    0   46   73   16   89   75   84   94   25    4   47 
  32   28   63   65   51   25   60   41   36   75   40   42   32   31   68   57   59   43   13   24   40    9   67   34   35   15   66   57   26    5   49   67   30   25   61   58   61   50   60   43   46   53   53   43   32   30   57   54   48   37   59   41   33   21   46    0   32   42   43   34   48   49   25   42   58 
  63   44   61   82   70   47   91   69   11  102   13   69   42   34   92   83   63   74   31   22   26   24   93   57   19   19   96   81   53   35   62   97   24   43   91   72   77   64   54   74   17   55   44   70    0   43   88   85   71   63   67   72   15   13   73   32    0   63   27    2   59   38   55   69   89 
  46   20  104   96   83   60   62   18   60   90   65   14   25   33   92   77  100   53   35   43   80   44   85    9   53   47   70   81   18   38   85   72   71   21   71   93   95   87  102   39   80   94   95   65   63   70   58   63    9   63   97   46   55   58   16   42   63    0   83   65   86   90   28   14   60 
  68   65   37   68   58   44   95   84   36   96   37   85   65   59   83   78   41   77   49   46    5   39   88   75   45   37   97   75   69   48   48   98   15   63   91   57   62   49   29   83   19   33   19   68   27   34   92   86   90   60   47   78   41   26   89   43   27   83    0   26   44   13   67   85   92 
  64   46   60   83   70   48   93   71   11  103   12   71   44   36   93   85   63   75   33   24   26   26   95   59   20   21   98   83   55   37   63   99   25   45   93   73   77   65   54   76   15   55   44   71    2   44   89   86   73   64   67   74   16   15   75   34    2   65   26    0   60   37   57   71   90 
  49   76   26   25   18   26   67   78   69   57   72   81   80   77   41   41   17   53   60   67   40   52   49   78   74   55   66   36   69   51    5   67   36   72   59   14   18    6   32   66   60   17   34   37   59   19   66   57   90   32   12   57   71   49   84   48   59   86   44   60    0   36   60   81   65 
  68   73   24   60   52   43   94   89   48   91   49   90   74   68   76   74   30   77   57   56   12   47   83   82   57   46   96   69   75   53   40   96   19   71   88   49   53   42   17   85   30   23    7   65   38   31   91   84   96   58   37   79   52   34   94   49   38   90   13   37   36    0   71   90   92 
  18   28   80   69   55   35   42   19   57   65   61   22   35   39   65   51   75   28   27   40   63   32   59   21   53   37   49   53   12   21   59   51   53   25   47   65   68   60   80   20   70   70   74   37   55   45   38   39   30   35   71   23   53   45   25   25   55   28   67   57   60   71    0   22   39 
  36   29  101   88   75   56   49    4   68   79   72    0   35   43   82   67   96   41   38   50   82   47   73   14   61   51   57   71   17   38   80   59   72   28   58   86   88   81  101   26   85   91   95   55   69   67   45   51   11   54   92   35   62   61    4   42   69   14   85   71   81   90   22    0   47 
  27   67   91   59   51   50    3   43   93   35   97   47   74   78   44   30   82   16   64   78   88   66   32   56   91   72   11   37   50   56   62   13   78   63   14   63   62   62   95   21  101   81   93   29   89   61    2    9   57   34   75   17   90   77   47   58   89   60   92   90   65   92   39   47    0 
