21177
1484
17108
2585

85 118 161 48 68 86 193 164 39 154 49 102 23 178 159 151 22 125 120 171 59 31 174 75 196 141 183 47 152 81 160 134 5 87 72 181 147 67 66 188 133 13 79 113 108 32 93 180 170 114 195 149 155 30 65 198 167 14 95 197 4 111 156 16 12 166 107 62 130 184 176 58 54 44 

7
146 69 101 70 90 126 7 36 46 199 60 84 17 173 91 140 43 15 42 92 6 117 2 57 41 74 56 110 25 55 165 24 29 121 129 78 35 136 
40 73 115 137 99 104 98 37 119 8 143 64 63 122 51 34 163 80 150 1 52 
153 106 124 168 131 20 103 33 185 109 179 139 145 172 192 97 96 
21 187 186 144 142 38 191 61 162 128 71 135 9 132 
18 82 45 83 100 105 76 116 77 158 3 50 27 
89 19 175 11 10 189 157 169 177 26 138 28 53 
127 190 88 148 182 123 194 94 112 