8418
989
3260
4169

85 118 161 48 68 86 190 164 39 154 49 102 23 178 159 175 182 125 120 171 59 31 174 168 196 141 183 47 152 81 160 134 5 34 72 181 147 67 66 188 133 13 79 113 108 32 93 180 170 114 195 61 155 30 65 198 167 14 95 197 4 111 156 16 12 166 107 62 130 184 176 58 54 44 75 151 193 22 149 194 148 19 177 77 135 26 103 158 162 144 189 139 9 123 38 50 45 82 10 116 127 138 106 89 71 157 169 191 53 187 128 

4
146 69 101 70 90 126 7 36 46 199 60 84 17 173 91 140 43 15 42 92 6 117 2 57 41 74 56 110 25 55 165 24 29 121 129 78 35 136 
40 21 73 115 137 37 98 99 104 8 143 64 20 51 33 185 80 150 1 132 52 
88 153 18 83 124 11 63 131 122 3 163 179 186 145 172 142 119 192 
27 28 76 109 105 87 97 100 96 94 112 