21157
1464
17108
2585

85 118 161 48 68 86 193 164 39 154 49 102 23 178 159 151 22 125 120 171 59 31 174 75 196 141 183 47 152 81 160 134 5 87 72 181 147 67 66 188 133 13 79 113 108 32 93 180 170 114 195 149 155 30 65 198 167 14 95 197 4 111 156 16 12 166 107 62 130 184 176 58 54 44 

7
146 69 101 70 90 126 7 36 46 199 60 84 17 173 91 140 43 15 42 92 6 117 2 57 41 74 56 110 25 55 165 24 29 121 129 78 35 136 
40 73 145 137 99 104 37 192 119 83 143 64 63 122 33 185 163 80 150 1 52 
45 8 124 168 11 88 189 131 128 20 51 76 109 179 21 115 97 
53 139 187 186 142 38 191 61 132 103 71 135 34 169 
89 18 82 153 106 194 162 50 158 3 77 138 28 
144 172 100 98 96 127 10 9 157 116 177 26 105 
27 190 148 175 19 123 182 94 112 